'IS_I_C01_D01'	0.999999999775100	0	0	0	0	3.03333333300000	3.90828768700000
'IS_I_C01_D02'	0	0	0	0.0158753597276879	0.984124419171021	91.7000000000000	7.52994023900000
'IS_I_C01_D03'	0.00223947274954212	0.0845570423802224	0.473019574713231	0.392043060044292	0.0481408501127126	58.0333333300000	14.4734795100000
'IS_I_C01_D04'	0.999999975135661	0	0	0	0	3.36666666700000	4.35876709300000
'IS_I_C01_D05'	0.223230884488589	0.431748897067079	0.279823708793741	0.0607734785173702	0.00442303113322137	32.0666666700000	19.1274010600000
'IS_I_C01_D06'	0.349032030245313	0.530376784598087	0.116842172569934	0.00373173362887258	1.72789577929869e-05	24.3333333300000	14.3918878800000
'IS_I_C01_D07'	0.944437566180131	0.0555574618211342	0	0	0	11.2666666700000	7.85178799500000
'IS_I_C01_D08'	0.00749629299636591	0.0929650258882038	0.351563245998560	0.405413462509691	0.142561972607179	62.4000000000000	18.3521116000000
'IS_I_C01_D09'	0.00361591972362314	0.0813193872768966	0.397095097349957	0.421036806273990	0.0969327893755334	60.7666666700000	16.1836088500000
'IS_I_C01_D10'	0.00181619923717613	0.0475029502156074	0.302732491112774	0.470087653128058	0.177860706306385	66.2333333300000	16.8311766000000
'IS_I_C01_D11'	0	0	5.85683987526123e-05	0.0549202209164022	0.945021209538712	94.2333333300000	10.0023560400000
'IS_I_C01_D12'	0.200537033026717	0.569322015499424	0.218694343632598	0.0113666713220632	7.99365191981765e-05	30.4333333300000	14.1413634700000
'IS_I_C01_D13'	0	0.00115040207357961	0.0743619709426540	0.523382932108965	0.401102757044034	77.6000000000000	13.4307932300000
'IS_I_C01_D14'	0.000388541024541206	0.0192207182869549	0.209596599553799	0.503826188689707	0.266967952444997	71.6000000000000	16.2641980400000
'IS_I_C02_D01'	0.164121043226452	0.396895750132723	0.332639648257838	0.0966177592850298	0.00972579909795694	36.6666666700000	19.4286197200000
'IS_I_C02_D02'	0	0	0.000703658432656442	0.142146695476746	0.857149542114407	90.2333333300000	10.6728250900000
'IS_I_C02_D03'	0.196420180080748	0.354412490712060	0.302951110321187	0.122680826153956	0.0235353927320492	35.8000000000000	23.1388611800000
'IS_I_C02_D04'	0.170762876118871	0.409429993836347	0.326019634113057	0.0862155818374324	0.00757191409429291	35.8666666700000	19.0493611700000
'IS_I_C02_D05'	0.151338761326573	0.379018627555951	0.343553304636918	0.112707003140249	0.0133823033403095	38.0666666700000	19.8388913300000
'IS_I_C02_D06'	0.458207755853840	0.428715563210446	0.106025989363053	0.00693093280623728	0.000119758766424083	19	17.3384165800000
'IS_I_C02_D07'	0.223824574660882	0.424821455913975	0.281208111647097	0.0649190223745521	0.00522683540349355	32.1666666700000	19.4866591600000
'IS_I_C02_D08'	0.0172569568039906	0.112934581125808	0.313845414879029	0.370365683881262	0.185597363309910	63.8666666700000	21.6105551100000
'IS_I_C02_D09'	0	0.000858950200790677	0.0516725522791196	0.435002462884048	0.512464036541964	81.6666666700000	14.2619177800000
'IS_I_C02_D10'	0.00650680842109690	0.0895983511837882	0.356701719302806	0.410566560916381	0.136626560175928	62.2666666700000	17.9538360800000
'IS_I_C02_D11'	7.35771220555120e-05	0.00479275106027822	0.0842417121707452	0.399548712908777	0.511343246738145	83.7666666700000	17.4744805700000
'IS_I_C02_D12'	0.378256305777375	0.422672673132899	0.172138005400470	0.0255507683435817	0.00138224734567436	22.2000000000000	19.9073717100000
'IS_I_C02_D13'	1.01357920584974e-05	0.00203754384455275	0.0718399993329844	0.444258517097854	0.481853803932550	80.9333333300000	15.1587765300000
'IS_I_C02_D14'	0.000576746350260698	0.0318946622579555	0.306576208200694	0.512207787867135	0.148744595323955	65.8666666700000	15.1195998200000
'IS_I_C03_D01'	0.189254243936108	0.565204554655010	0.232299572812351	0.0131393506205596	0.000102277975970493	31.0333333300000	14.2017078500000
'IS_I_C03_D02'	0	0	0	0.0241975405973880	0.975799009351815	94.3333333300000	8.80569303800000
'IS_I_C03_D03'	0.147184622180767	0.418654015517067	0.345603769710135	0.0828003298582008	0.00575726273383000	36.9000000000000	17.9815039100000
'IS_I_C03_D04'	0.696912535891584	0.297832623979914	0.00525102063583866	0	0	14.6666666700000	11.2013956400000
'IS_I_C03_D05'	0.336037406243112	0.578683851448168	0.0842410090028463	0.00103665492214688	0	24.4000000000000	12.7241285900000
'IS_I_C03_D06'	0.982468779413479	0.0175303813194061	0	0	0	6.40000000000000	8.21940513000000
'IS_I_C03_D07'	0.341012270536448	0.525125321133087	0.128799316218227	0.00503178177953592	3.13103327027001e-05	24.7000000000000	14.7558287700000
'IS_I_C03_D08'	0.0812062362173556	0.311947276587762	0.404179460507309	0.176631642061294	0.0260353846262803	44.7666666700000	19.1845543700000
'IS_I_C03_D09'	0	0	0.00261826327349980	0.195843764941102	0.801536056422198	89.7000000000000	11.7330949600000
'IS_I_C03_D10'	0.0103016884613370	0.146146534345266	0.463328385315926	0.328253655657346	0.0519697362201248	55.4000000000000	16.3382352500000
'IS_I_C03_D11'	1.34381899259591e-05	0.00402931990953067	0.141186239260391	0.578126179525176	0.276644823114977	73.1333333300000	13.6501442000000
'IS_I_C03_D12'	0.826867685591781	0.171343312038146	0.00178806265922117	0	0	9.46666666700000	11.5690828600000
'IS_I_C03_D13'	0	0	0.00617883260633459	0.315493489670819	0.678322582074617	84.8333333300000	11.2375090300000
'IS_I_C03_D14'	0.00181907051861983	0.0446938044174823	0.284432605295897	0.468862717904905	0.200191801863096	67.4000000000000	17.2078570700000
'IS_I_C04_D01'	0.103921310312692	0.249464032078167	0.325765962988182	0.231418417354984	0.0894302772659750	48.7666666700000	25.6322578700000
'IS_I_C04_D02'	0.00164241848994860	0.0285098761486373	0.181585534397778	0.424366975009342	0.363895195954293	76.9333333300000	19.9740061000000
'IS_I_C04_D03'	0.0111081749788667	0.0709336373807194	0.229484117925607	0.376135153204035	0.312338916510772	74.5333333300000	24.2540196900000
'IS_I_C04_D04'	0.139275012417527	0.279314862032018	0.313916028949442	0.197711325447477	0.0697827711535364	44.0333333300000	26.2816093200000
'IS_I_C04_D05'	0.0617277162336320	0.223681369154930	0.363412281686617	0.264721718524446	0.0864569144003758	52.1000000000000	22.3303566400000
'IS_I_C04_D06'	0.308810527010020	0.405041239113964	0.226585223291217	0.0540616279803487	0.00550138260445047	26.3666666700000	21.6659327900000
'IS_I_C04_D07'	0.167648670796087	0.314978484934519	0.311290572754292	0.161828627583139	0.0442536439319640	39.6333333300000	24.9530363500000
'IS_I_C04_D08'	0.000907019672248743	0.0198582977069855	0.153628672994454	0.419959580057004	0.405646429569307	79.3333333300000	19.6088181000000
'IS_I_C04_D09'	0.0459215543986151	0.173192458795065	0.326777614875267	0.308451255343567	0.145657116587486	58.3333333300000	24.0320667000000
'IS_I_C04_D10'	0.000173632764438177	0.00866557329608837	0.117719814500630	0.435299819418575	0.438141160020269	80.1000000000000	17.5329246900000
'IS_I_C04_D11'	0	0	0	0.000246807402696445	0.999753192596131	95.3000000000000	6.06942592300000
'IS_I_C04_D12'	0.0963754982267246	0.223668614316332	0.307708047899342	0.250938940422189	0.121308899135414	52.2000000000000	27.6572619400000
'IS_I_C04_D13'	1.38461563800043e-05	0.00209242296453914	0.0646117371734319	0.407675912753406	0.525606080952244	83.2000000000000	15.8710319500000
'IS_I_C04_D14'	0.0147295714767949	0.0953655179090296	0.281212231131607	0.377675328374238	0.231017351108331	67.5000000000000	22.5522382100000
'IS_I_C05_D01'	0.186802489841231	0.358180999188737	0.310986425836475	0.122264205123037	0.0217658800105211	36.4333333300000	22.4694172700000
'IS_I_C05_D02'	0.00187312090517012	0.0332728763338865	0.204825889496460	0.436967686082340	0.323060427182144	74.3000000000000	19.4282943300000
'IS_I_C05_D03'	0.0321166196559612	0.157832484168062	0.342579509486510	0.328416374167026	0.139055012522440	58.9666666700000	22.1242312700000
'IS_I_C05_D04'	0.357108289996278	0.380711044513685	0.201914219484372	0.0532738664579328	0.00699257954773246	21.8333333300000	23.9353775600000
'IS_I_C05_D05'	0.0135554170152627	0.131862472555229	0.393439958453570	0.360068089526952	0.101074062448986	58.5000000000000	18.3974323500000
'IS_I_C05_D06'	0.142991181658982	0.329372043389776	0.339237570230446	0.156228723599187	0.0321704811216088	40.7333333300000	22.2926202900000
'IS_I_C05_D07'	0.119007308901125	0.296947682347906	0.346562051255341	0.189180701319842	0.0483022561757856	44.0666666700000	22.9436090300000
'IS_I_C05_D08'	6.57902689912273e-05	0.00759269286041143	0.151771313710421	0.525464336502381	0.315105866657795	74.1666666700000	15.1044257800000
'IS_I_C05_D09'	5.25459082338725e-05	0.00464581964742587	0.0941093722911408	0.436767680278131	0.464424581875068	80.8333333300000	16.4758618300000
'IS_I_C05_D10'	0.00192717743257248	0.0375964444072138	0.231718840913118	0.451196186290849	0.277561350956247	71.5666666700000	18.6319772100000
'IS_I_C05_D11'	0.0528540290319115	0.152676741831233	0.274372289674907	0.306746906278873	0.213350033183075	64.7000000000000	29.0304833800000
'IS_I_C05_D12'	0.109031143331737	0.231576680088485	0.301423835543370	0.240435655015524	0.117532686020885	50.7666666700000	28.5810201500000
'IS_I_C05_D13'	0	0.000180756106384413	0.0183531749903137	0.287396315017339	0.694069479332761	89.4333333300000	14.6279923700000
'IS_I_C05_D14'	0.000498389478067698	0.0246131321588088	0.248260871450842	0.511438056044105	0.215189550868176	69.1000000000000	15.8687504700000
'IS_I_C06_D01'	0.367568988375649	0.460790623299019	0.156795354828332	0.0144819665787759	0.000363066918224290	23.4666666700000	17.5140009700000
'IS_I_C06_D02'	0.00675971140271399	0.113973452684215	0.433898710559271	0.372977057662141	0.0723910676916594	57.9666666700000	16.3948758500000
'IS_I_C06_D03'	0.232720143157478	0.424364954368791	0.274667905810039	0.0631014285047746	0.00514556815891693	31.6000000000000	19.6514455000000
'IS_I_C06_D04'	0.497368337287009	0.410967648974208	0.0868970444416714	0.00470186594535477	6.51033517564038e-05	17.2000000000000	17.1311372100000
'IS_I_C06_D05'	0.125609796509336	0.272430606977454	0.321941237214077	0.207293480806984	0.0727248784921495	45.5000000000000	25.6659576000000
'IS_I_C06_D06'	0.000229480222254144	0.0116002849839557	0.147090462154027	0.467835122739976	0.373244649899787	76.7333333300000	17.0069627400000
'IS_I_C06_D07'	0.105353332437592	0.285367673283339	0.354510792740932	0.201986497612852	0.0527817039252845	45.5666666700000	22.6528270800000
'IS_I_C06_D08'	0	1.87855468923918e-05	0.00992098005573807	0.325654931010817	0.664405301175671	85.1333333300000	11.9992336900000
'IS_I_C06_D09'	0	0.000873326399521570	0.0380264360897947	0.339515265273374	0.621580859488379	87.6333333300000	15.8885847800000
'IS_I_C06_D10'	0	0.000873690517375580	0.0491487244228169	0.416867501987718	0.533107741356466	82.6000000000000	14.5403125700000
'IS_I_C06_D11'	0.000822322055643406	0.0191337614968085	0.153381773989904	0.423606035784722	0.403056106672922	79.0666666700000	19.3745893500000
'IS_I_C06_D12'	0.138139792571144	0.383077963308646	0.356161172170751	0.111018922046680	0.0116021499027791	38.6666666700000	19.1317272700000
'IS_I_C06_D13'	0.00210396118443771	0.0341187827851463	0.200893278008461	0.429490292572517	0.333393685449439	75	19.8702689000000
'IS_I_C06_D14'	0.0213352412701299	0.164254317494552	0.406893637253620	0.324332054030851	0.0831847499508474	56	18.7818694700000
'IS_II_C01_D01'	1	0	0	0	0	0.250000000000000	1.10716143900000
'IS_II_C01_D02'	0	1.25348970304744e-05	0.00827942482091003	0.313193639154750	0.678514400040447	85.4062500000000	11.8263221300000
'IS_II_C01_D03'	0.00191896653117855	0.0412173325348396	0.256191976062318	0.460812577746357	0.239859147125307	69.4687500000000	17.9605021400000
'IS_II_C01_D04'	0.948569629486151	0.0514295621779599	0	0	0	12.8437500000000	7.00741255000000
'IS_II_C01_D05'	0.318119637411145	0.468252368820590	0.191265857723974	0.0216801801523396	0.000681955891951762	26.0312500000000	17.6644063000000
'IS_II_C01_D06'	0.00119240106744390	0.0284762311662599	0.206808394313428	0.456750798010825	0.306772175442044	73.3125000000000	18.3310604700000
'IS_II_C01_D07'	0	0	0.00342439704678967	0.172710656403045	0.823858523747228	93.2500000000000	13.0235518700000
'IS_II_C01_D08'	0.000850608194546688	0.0306650076425633	0.255667869338513	0.492979417149628	0.219837097674750	68.9687500000000	16.5285371500000
'IS_II_C01_D09'	0.00190377971164529	0.0529127342975370	0.331058439230583	0.466283524377262	0.147841522382974	64.5937500000000	16.3783085800000
'IS_II_C01_D10'	0.488363053561221	0.508949568885475	0.00268730566308411	0	0	20.1562500000000	8.69968251200000
'IS_II_C01_D11'	1.48047262739791e-05	0.00258366102230480	0.0809740561050852	0.455755023851684	0.460672454294652	80.1250000000000	15.2627524700000
'IS_II_C01_D12'	0.0305213721454767	0.196858309837550	0.416810762694887	0.289707388829784	0.0661021664923023	53.4687500000000	18.9498223200000
'IS_II_C01_D13'	0.670756424879486	0.326727331725467	0.00251593712210736	0	0	16.5312500000000	9.82092688300000
'IS_II_C02_D01'	0.544080772252534	0.390120522331138	0.0634395107394071	0.00233962612412807	1.95685527931344e-05	15.5161290300000	16.4192386500000
'IS_II_C02_D02'	8.71415161883333e-05	0.00598528527772844	0.102201635613740	0.433854479030598	0.457871458561746	80.7741935500000	16.9523050100000
'IS_II_C02_D03'	0.00221608559816934	0.0398575982272206	0.233638185040131	0.446359341057564	0.277928790076915	71.5483871000000	18.8888657000000
'IS_II_C02_D04'	0.746620121621134	0.245664716868905	0.00769223425991998	2.29207506626062e-05	0	10.5483871000000	13.0405488400000
'IS_II_C02_D05'	0.112122309051908	0.284694018913840	0.345964957886491	0.201211750768099	0.0560069633796618	45.2903225800000	23.2983455000000
'IS_II_C02_D06'	0.000112238981617168	0.00589387716375521	0.0897590024322476	0.396437317036309	0.507797564386071	84	17.9763049900000
'IS_II_C02_D07'	0.00936190165351604	0.0872787103657131	0.305303656130131	0.400714565375295	0.197341166475345	65.5483871000000	20.2003939100000
'IS_II_C02_D08'	0.000571218087825214	0.0215899021054632	0.204447532601233	0.485060100548362	0.288331246657118	72.4838709700000	16.9997469900000
'IS_II_C02_D09'	0.131713116416885	0.396031740816300	0.362589549610719	0.101084575099956	0.00858101805613993	38.5161290300000	18.3409759200000
'IS_II_C02_D10'	0.255788016631876	0.453476914515932	0.247177687551472	0.0414230850142803	0.00213429628643941	29.7096774200000	18.4159234500000
'IS_II_C02_D11'	0.00353840468950891	0.0576260660721657	0.288125637207029	0.442278973564251	0.208430918467045	67.2580645200000	18.4046511200000
'IS_II_C02_D12'	0.180667425495132	0.481954522015789	0.294731847630576	0.0413183411793745	0.00132786367912944	33.3225806500000	16.4790515400000
'IS_II_C02_D13'	0.0351346816062933	0.172345320478729	0.358410892322753	0.315995671311645	0.118113434280580	57.0645161300000	21.5900215900000
'IS_II_C03_D01'	0.432305291361194	0.549713791223394	0.0179658259437426	1.50911458613437e-05	0	21.3125000000000	10.4524653700000
'IS_II_C03_D02'	0	0.000143890965607444	0.0175997812996715	0.296218442737707	0.686037723117884	88.4687500000000	14.2012820300000
'IS_II_C03_D03'	0.0270982399860616	0.283288283206713	0.516388527097202	0.164128878275093	0.00909607143493097	46.8750000000000	15.1332788600000
'IS_II_C03_D04'	0.999999962845012	0	0	0	0	2.81250000000000	4.48249282600000
'IS_II_C03_D05'	0.714114769031965	0.284819344106948	0.00106584943733823	0	0	16.0625000000000	9.25599195600000
'IS_II_C03_D06'	1.10753528234910e-05	0.00210306770887368	0.0717826361651971	0.440408827317675	0.485694393455431	81.1406250000000	15.2667989100000
'IS_II_C03_D07'	0.000127477426795349	0.00870080356428467	0.134937428733873	0.475502153209258	0.380732137065789	77	16.4297134400000
'IS_II_C03_D08'	0.0458691368631725	0.571475168203055	0.370167933807421	0.0124659350555519	2.18260708001499e-05	37.0625000000000	11.6312634900000
'IS_II_C03_D09'	0.0340956809773199	0.247931817744771	0.464989584476284	0.224922162530555	0.0280607542710702	49.2812500000000	17.1806988000000
'IS_II_C03_D10'	0.964643822067196	0.0353507883877897	0	0	0	7.93750000000000	8.54187975100000
'IS_II_C03_D11'	0.000256259268177652	0.0119630422194713	0.145523744734292	0.461271116019621	0.380985837758438	77.1562500000000	17.2460549500000
'IS_II_C03_D12'	0.139791117349655	0.666736029051553	0.190223098033203	0.00324644130358319	0	31.0937500000000	11.9173480900000
'IS_II_C03_D13'	0.00690966829041494	0.101211390227860	0.390198689696163	0.395937328064431	0.105742923721131	60.2187500000000	17.3106984900000
'IS_II_C04_D01'	0.184107410051573	0.343762015236302	0.309549570838361	0.134427532617993	0.0281534712557710	37.1250000000000	23.4200768600000
'IS_II_C04_D02'	0.0253087218623680	0.144135597322972	0.343737111759196	0.343269902631417	0.143548666424046	59.9687500000000	21.4363038100000
'IS_II_C04_D03'	0.00418757404599652	0.0403391825446465	0.182413500055957	0.387214979032807	0.385844764320592	79.9062500000000	22.9984001900000
'IS_II_C04_D04'	0.493443694171556	0.377612126112306	0.114523308200154	0.0137651662644635	0.000655705251520118	14.2187500000000	20.7888530500000
'IS_II_C04_D05'	0.147143674755271	0.271557806125278	0.300956774906304	0.200293611061536	0.0800481331516111	44.0312500000000	28.0063176900000
'IS_II_C04_D06'	0.0282312906923957	0.136863871465121	0.314631156161794	0.342980516689372	0.177293164991317	62.3125000000000	23.1536448500000
'IS_II_C04_D07'	0.00163954460768247	0.0302723266724466	0.194523044036268	0.435009763648403	0.338555321035200	75.2500000000000	19.4670938200000
'IS_II_C04_D08'	0.00100630291596504	0.0306429173866822	0.239576037956050	0.480915234950264	0.247859506791039	70.2500000000000	17.1520712600000
'IS_II_C04_D09'	0.0206134336203173	0.0991947922565838	0.256602902863904	0.356835798930573	0.266753072328622	70.6250000000000	25.3857338700000
'IS_II_C04_D10'	0.132470843258920	0.290148273462262	0.328099310315936	0.191547408837341	0.0577341641255414	43.7187500000000	24.5977108500000
'IS_II_C04_D11'	0.00155185269239002	0.0242102855429214	0.153939702377374	0.398935502066080	0.421362657321235	81.2187500000000	21.1106675000000
'IS_II_C04_D12'	0.0310764714359873	0.117886978873917	0.260854898915988	0.336690745218336	0.253490905555772	69.4687500000000	27.2408426500000
'IS_II_C04_D13'	0.00295580012628560	0.0396620421864252	0.206904159749714	0.419621288811781	0.330856709125795	74.9687500000000	20.5763478000000
'IS_II_C05_D01'	0.368562599691496	0.383839875645288	0.194182355407156	0.0477188849557170	0.00569628430034179	21.1250000000000	23.5368619600000
'IS_II_C05_D02'	0.00149535943628101	0.0281208762104417	0.185876517939604	0.431849711952047	0.352657534461627	76.1250000000000	19.5592565300000
'IS_II_C05_D03'	0.128001742213358	0.276348971799943	0.322581956921021	0.203592857658556	0.0694744714071220	45.0312500000000	25.5045655300000
'IS_II_C05_D04'	0.143108182225682	0.263377548091459	0.297913452534262	0.207108802792340	0.0884920143562574	45.0625000000000	28.6659711700000
'IS_II_C05_D05'	0.0594936667964917	0.189373011020520	0.321173361128937	0.290225142713871	0.139734818340180	56.7812500000000	25.2059060900000
'IS_II_C05_D06'	0	0.000386994682200013	0.0273787776050832	0.324988876368140	0.647244433558794	87.7187500000000	14.9692475800000
'IS_II_C05_D07'	0.000934576909821159	0.0264207281430680	0.209907335272760	0.468666105426674	0.294071254247676	72.6562500000000	17.7520728000000
'IS_II_C05_D08'	7.19000636475301e-05	0.00556898544154417	0.101953754487102	0.441174800098451	0.451230559909256	80.3125000000000	16.6528840900000
'IS_II_C05_D09'	0.00541075403440627	0.0572353105770529	0.242776076285330	0.412936549971136	0.281641309132075	71.6250000000000	20.9218977700000
'IS_II_C05_D10'	0.338905384206626	0.396252749235142	0.209415397535212	0.0500250389033478	0.00540143011967208	23.9375000000000	22.4441062000000
'IS_II_C05_D11'	0.00134588823012377	0.0258176385749735	0.176161751481918	0.427557278246436	0.369117443466549	77.1562500000000	19.6716750300000
'IS_II_C05_D12'	0.0590484904525789	0.190077621497631	0.323145967164552	0.290142971086795	0.137584949798443	56.6250000000000	25.0312707700000
'IS_II_C05_D13'	0.115461119463408	0.272620833452660	0.332929827071971	0.210289096929793	0.0686991230821685	46.0625000000000	24.6313955200000
'IS_II_C06_D01'	0.399162159961359	0.420212410710441	0.158269842011868	0.0213273671766243	0.00102822013970772	21	19.7271713700000
'IS_II_C06_D02'	0	0.000429414658705802	0.0332187165693219	0.370510544943776	0.595840523473270	84.9062500000000	14.3714757300000
'IS_II_C06_D03'	0.0473110659343271	0.181967873114552	0.337695974874305	0.302382204207055	0.130642881869761	56.9687500000000	23.4279738700000
'IS_II_C06_D04'	0.208733654823953	0.345243979975282	0.291931910081480	0.126199850492062	0.0278906046272241	35	24.4170749400000
'IS_II_C06_D05'	0.231466683986458	0.322120711141294	0.269608250855303	0.135716321174605	0.0410880328423400	33	28.0483453600000
'IS_II_C06_D06'	0.00434140612904353	0.0484361232107018	0.220943573835278	0.412065649953717	0.314213246871260	73.9375000000000	21.1479107000000
'IS_II_C06_D07'	1.96896411298234e-05	0.00199387720718614	0.0519179650375582	0.347612639288328	0.598455828825798	88	17.1614722300000
'IS_II_C06_D08'	0.00359091835274432	0.0424312556792788	0.206017598700922	0.411017999026916	0.336942228240138	75.5312500000000	21.2070961600000
'IS_II_C06_D09'	0.0767682649266440	0.191689028813518	0.294042772572758	0.277090401061486	0.160409532625594	57.5625000000000	28.6524642900000
'IS_II_C06_D10'	0.249531468501703	0.343791717529178	0.264938938538974	0.114202725718431	0.0275351497117143	31.0312500000000	26.2389569700000
'IS_II_C06_D11'	0.00236370039288709	0.0334532159617865	0.187223992211336	0.414346151532973	0.362612939901018	77.1250000000000	20.7640352800000
'IS_II_C06_D12'	0.0284290699481732	0.131615415738482	0.302111230604304	0.343829378346456	0.194014905362585	63.6875000000000	23.8779659500000
'IS_II_C06_D13'	0.0350702681826006	0.144788653547822	0.305966980064470	0.330947556254465	0.183226541950642	62.3437500000000	24.4390081800000
'IS_III_C01_D01'	0	0	0	0.000253195955735995	0.999746804040702	96.9032258100000	6.38933923900000
'IS_III_C01_D02'	3.54450325880757e-05	0.00492068275992972	0.119210726634950	0.503993906366741	0.371839239205792	76.5161290300000	15.1368666200000
'IS_III_C01_D03'	0	3.98618277608242e-05	0.0140108306576621	0.352287561366590	0.633661738035065	84.4516129000000	12.3148655700000
'IS_III_C01_D04'	0.0149364212111013	0.201575300502298	0.513742583761437	0.247269927420976	0.0224757671041879	51.2258064500000	15.4913087000000
'IS_III_C01_D05'	0.999887763579603	0.000112236419781701	0	0	0	1.67741935500000	6.34763523800000
'IS_III_C01_D06'	0.0565186700749534	0.407272034338853	0.455183924786028	0.0789039804954074	0.00212139030475821	41.1935483900000	14.6501862400000
'IS_III_C01_D07'	0.105725626816065	0.387978090802324	0.390414654879079	0.107730083807685	0.00815154369484618	40.0967741900000	17.5828606700000
'IS_III_C01_D08'	0.0698078864680439	0.285909882115392	0.407427048967851	0.202007067857405	0.0348481145913087	46.7096774200000	19.4648290500000
'IS_III_C01_D09'	0	0.000344408345437346	0.0269977536345934	0.332026216049619	0.640630932666848	87.0967741900000	14.6954751300000
'IS_III_C01_D10'	0.828776144130715	0.167716617222340	0.00349970682066256	0	0	5.93548387100000	13.2688494400000
'IS_III_C01_D11'	0.00131339584982743	0.0271089732276229	0.188135670115319	0.439005405310198	0.344436555497033	75.5483871000000	19.1569634200000
'IS_III_C01_D12'	0.0151446370965794	0.171949136162348	0.465691397244124	0.300852428634657	0.0463624008622923	53.9032258100000	16.7059966100000
'IS_III_C01_D13'	0.313911744540117	0.601024670688584	0.0841998310229003	0.000863106379814613	0	24.9677419400000	12.3679259100000
'IS_III_C02_D01'	0	0	0	0.00661869317715820	0.993381234952410	95.6129032300000	7.89378413400000
'IS_III_C02_D02'	0	0	0.00202729541526051	0.185619058730407	0.812352587481163	89.7096774200000	11.4693607700000
'IS_III_C02_D03'	0.000400229814719739	0.0215981566938720	0.234957137654642	0.515258664215134	0.227785811621633	69.8064516100000	15.8038378400000
'IS_III_C02_D04'	0.188260039946284	0.498129143847485	0.279510977848619	0.0332605097143453	0.000839328643266318	32.5483871000000	16.0599682600000
'IS_III_C02_D05'	0.649687243239526	0.308089897853015	0.0407087165576731	0.00149876725453881	1.53750952468432e-05	8.32258064500000	17.6925353300000
'IS_III_C02_D06'	0.458030622440772	0.449799723302501	0.0886369024954453	0.00350494070418182	2.78110571004684e-05	19.7741935500000	15.7812329000000
'IS_III_C02_D07'	0.117968049211768	0.491619439904644	0.347793280091723	0.0417677243639460	0.000851506427918956	36.0967741900000	15.0185548300000
'IS_III_C02_D08'	0.00146727782499140	0.0572236310202073	0.388364591901417	0.458674927733869	0.0942695715195161	61.9032258100000	15.1247145200000
'IS_III_C02_D09'	0	0.000555326735347195	0.0474493646988217	0.456730341422426	0.495264234969233	80.7419354800000	13.5350600100000
'IS_III_C02_D10'	0.378429160161474	0.528494943172144	0.0911305616662446	0.00194023451631714	0	23.1935483900000	13.8285197000000
'IS_III_C02_D11'	0.0491909503975968	0.210905161859072	0.375837459171403	0.278370863306640	0.0856955652652891	53.1612903200000	21.3449397200000
'IS_III_C02_D12'	0.0285832425599088	0.150093110197364	0.341398918401936	0.336368753830105	0.143555975010686	59.6451612900000	21.8655717000000
'IS_III_C02_D13'	4.08566812964243e-05	0.0140869118305159	0.340478121672783	0.576877139347866	0.0685169704675387	63.9677419400000	12.2678003200000
'IS_III_C03_D01'	0	0	0	0.0217761884697469	0.978220970651713	94.8064516100000	8.82201547200000
'IS_III_C03_D02'	0	0	2.27959359983149e-05	0.0545301278678748	0.945447076127055	91.5806451600000	9.01026893300000
'IS_III_C03_D03'	0	0	0.00153241628489913	0.274053490422281	0.724413966640949	84.6129032300000	9.74227016400000
'IS_III_C03_D04'	0.597452586458708	0.391596866038282	0.0109375288669535	1.30179758014129e-05	0	17.3225806500000	11.2587361500000
'IS_III_C03_D05'	0.719856880589310	0.258892481885229	0.0208719071846199	0.000377202226758662	0	6.32258064500000	16.3551971300000
'IS_III_C03_D06'	0.833314812917555	0.164554748160303	0.00212863505070680	0	0	8.09677419400000	12.1143299100000
'IS_III_C03_D07'	0.254601978720063	0.602340958939155	0.139862517907365	0.00318741501324912	0	27.4193548400000	13.1270057400000
'IS_III_C03_D08'	0.0440677617833660	0.349416820014244	0.484249456123917	0.117299725853857	0.00496623622461547	43.7419354800000	15.1436845800000
'IS_III_C03_D09'	0.000113868623146105	0.0148142629447061	0.252826178087634	0.566017738150516	0.166227952193998	67.9354838700000	14.0331405000000
'IS_III_C03_D10'	0.802836709213257	0.194520143683471	0.00264113743213305	0	0	10.1612903200000	11.7816149800000
'IS_III_C03_D11'	1.57580095219753e-05	0.00423931192113836	0.140227834323633	0.570319107418468	0.285197988327239	73.3870967700000	13.8146719600000
'IS_III_C03_D12'	0.0614813771148711	0.511853051940096	0.397644107949383	0.0288264625098580	0.000195000485791995	37.8709677400000	12.9865107800000
'IS_III_C03_D13'	0.139688719127196	0.476445336176865	0.334217276514433	0.0482179544678046	0.00143071371370145	35.5161290300000	15.9036074900000
'IS_III_C04_D01'	0.000338141472899908	0.00975800336535823	0.101348706515285	0.378852519888474	0.509702628757983	85.8064516100000	19.7845383300000
'IS_III_C04_D02'	0.00446880728658970	0.0537796051833957	0.244877569298601	0.421876966852303	0.274997051379110	71.1935483900000	20.2869734100000
'IS_III_C04_D03'	0	0.000291187370265214	0.0229412340089915	0.303376285143076	0.673390673110354	88.9354838700000	14.9709395900000
'IS_III_C04_D04'	0.00497084898342146	0.0476256163230501	0.205091664108661	0.396965504755176	0.345346365829692	76.5161290300000	22.3649591500000
'IS_III_C04_D05'	0.328199732403788	0.390454734545809	0.217595606793440	0.0568036850818970	0.00694624117506657	24.5806451600000	22.9663147400000
'IS_III_C04_D06'	0.135448269496644	0.235770094676204	0.279424821634024	0.225477003339664	0.123879810853463	48.8387096800000	32.2584322600000
'IS_III_C04_D07'	0.0363913580276665	0.149084051541941	0.310273370607821	0.328048618548579	0.176202601273992	61.6451612900000	24.3030154300000
'IS_III_C04_D08'	0.191035028448101	0.379061305995532	0.310391979685605	0.104885660217698	0.0146260256530637	35.4838709700000	21.2585213800000
'IS_III_C04_D09'	0.0153753560569501	0.0981743509957829	0.284956879387486	0.375983254921686	0.225510158638095	67.0322580600000	22.5247772800000
'IS_III_C04_D10'	0.0140537000221477	0.101929829172189	0.306258673118686	0.381199199442564	0.196558598244413	64.9677419400000	21.3049037700000
'IS_III_C04_D11'	0.000824125560682704	0.0182205735431605	0.144719370942691	0.412940283933494	0.423295646019972	80.4838709700000	19.7667582400000
'IS_III_C04_D12'	0.0119107960084084	0.0896894264385819	0.286550905608282	0.388438619993917	0.223410251950811	67.0967741900000	21.5999303100000
'IS_III_C04_D13'	0.000105763744177634	0.00629998369231244	0.0998544242461784	0.421134166371539	0.472605661945793	81.7419354800000	17.3819211500000
'IS_III_C05_D01'	0.00574562408885241	0.0507076182252304	0.207258602919661	0.392333391020450	0.343954763745805	76.5806451600000	22.7958683300000
'IS_III_C05_D02'	0.00103033497679961	0.0291051834743128	0.224539994533974	0.473095200542266	0.272229286472647	71.4838709700000	17.5553808800000
'IS_III_C05_D03'	0.000788029508573996	0.0172004396319271	0.137858245049557	0.405715944004859	0.438437341805083	81.5483871000000	19.9813891900000
'IS_III_C05_D04'	0.272896680983605	0.367351108827792	0.253626816735509	0.0898131029881900	0.0163122904649042	28.9032258100000	24.4763216700000
'IS_III_C05_D05'	0.243103253710416	0.392507809491847	0.272546659890864	0.0813895144198453	0.0104527624870280	31.3548387100000	21.7723806500000
'IS_III_C05_D06'	0.147854829187947	0.335933900492278	0.337264113416850	0.149618195989561	0.0293289609133641	40.0967741900000	22.1304538900000
'IS_III_C05_D07'	0.135955055553368	0.305777767722306	0.334421143717674	0.177852030427558	0.0459940025790941	42.4838709700000	23.5540102300000
'IS_III_C05_D08'	0.00268569791658340	0.0396994157790459	0.215376600300110	0.428845016239586	0.313393269764675	73.7419354800000	19.9765992100000
'IS_III_C05_D09'	0	0.00104176930129624	0.0428361955548268	0.356353044001879	0.599763865332493	86.5161290300000	15.8216538700000
'IS_III_C05_D10'	0.289518773594458	0.395980264187925	0.241182202788986	0.0654171891511841	0.00790157027744687	27.7419354800000	22.2365581000000
'IS_III_C05_D11'	0.00512421118857292	0.0524460838153134	0.225537427961607	0.407515091512101	0.309377185522406	73.6451612900000	21.4779707100000
'IS_III_C05_D12'	0.0401875915225173	0.169871109748833	0.337327294487867	0.314693560864065	0.137920443376718	58.1612903200000	23.0102828800000
'IS_III_C05_D13'	0.148214863648450	0.366528110007909	0.344915285435543	0.123511449946556	0.0168302909615411	38.7419354800000	20.3469371000000
'IS_III_C06_D01'	0.00265694409720343	0.0308493874354026	0.162273759613293	0.386712024938965	0.417507883915136	81.9354838700000	22.4765588800000
'IS_III_C06_D02'	0.00459831836619771	0.0500975376783481	0.224046488915042	0.411305315255639	0.309952339784773	73.6451612900000	21.1952013200000
'IS_III_C06_D03'	7.14241282878390e-05	0.00453318899894057	0.0797702250527106	0.389184846575450	0.526440315244611	84.7096774200000	17.6582248000000
'IS_III_C06_D04'	0.247709398178153	0.344439796926101	0.266200997891998	0.114348783340619	0.0273010236631296	31.2258064500000	26.0968831800000
'IS_III_C06_D05'	0.262544559108637	0.358343675427240	0.259340448240344	0.0995209613420355	0.0202503558817428	29.8064516100000	25.1096520000000
'IS_III_C06_D06'	0.373076452896436	0.408687294628301	0.182530779500911	0.0332378370967139	0.00246763587763762	22.0322580600000	21.1147403000000
'IS_III_C06_D07'	0.0281706135360709	0.171540538834759	0.384942287657373	0.318333881516453	0.0970126784553451	56.1935483900000	20.0173580600000
'IS_III_C06_D08'	0.000841481017185496	0.0226866634516858	0.184730150508671	0.454303193833412	0.337438511189046	75.0322580600000	18.2783731400000
'IS_III_C06_D09'	0.00119394228561432	0.0250833440107924	0.179175804125569	0.435176181609623	0.359370727968402	76.4516129000000	19.2558886400000
'IS_III_C06_D10'	0.131908975765562	0.258842855821020	0.304338171770422	0.214405085410972	0.0905049112320247	46.3225806500000	27.9456461700000
'IS_III_C06_D11'	0	0	0.00490372443116001	0.231522916853601	0.763566102874602	88.9677419400000	12.2596461900000
'IS_III_C06_D12'	0.0226858811235711	0.128346733626494	0.320945919138237	0.354729056918431	0.173292409193267	62.4516129000000	22.1341948300000
'IS_III_C06_D13'	0.0909179928404434	0.272448300943934	0.363525768104050	0.215974824626111	0.0571331134854622	47.1290322600000	22.2347205000000
'IS_IV_C01_D01'	0.00233666478873146	0.0559036722037376	0.325004494302129	0.459138280837823	0.157616887867579	64.8846153800000	16.8150573500000
'IS_IV_C01_D02'	0	0	0	0	1	98.6923076900000	1.97523124300000
'IS_IV_C01_D03'	0	1.96859862105808e-05	0.0109499374844084	0.349408648148287	0.639621726350748	84.2307692300000	11.8298189100000
'IS_IV_C01_D04'	0.208451386605988	0.383465355866079	0.297416777681298	0.0972574277211684	0.0134090521254674	34.1153846200000	21.5208307000000
'IS_IV_C01_D05'	0.00282918814783995	0.0548321327808018	0.297587005430152	0.452270543864187	0.192481129777019	66.5769230800000	17.7272063800000
'IS_IV_C01_D06'	0.00529561168780337	0.109337816953052	0.451356963473080	0.372533538704496	0.0614760691815682	57.6153846200000	15.7634435900000
'IS_IV_C01_D07'	0.0192507117752143	0.130125561237913	0.345077499658940	0.359011923452593	0.146534303875340	60.8461538500000	20.6759615200000
'IS_IV_C01_D08'	0.261921751952716	0.413198956247573	0.256340849875977	0.0625384882987930	0.00599995362494101	29.7692307700000	20.7022852700000
'IS_IV_C01_D09'	0.260934743179443	0.472459663755194	0.233811213192877	0.0316252309163420	0.00116914895614427	29.1538461500000	17.5606202800000
'IS_IV_C01_D10'	0.0122114613525586	0.102506147261326	0.324366958003559	0.386925837254376	0.173989596128180	63.6153846200000	20.2486086900000
'IS_IV_C01_D11'	0.163896175820398	0.366110446020126	0.330973202170783	0.121090745807976	0.0179294301807183	37.7692307700000	21.0281862100000
'IS_IV_C01_D12'	0.891184341061019	0.108339694111949	0.000475889296067589	0	0	7.30769230800000	10.9754971900000
'IS_IV_C01_D13'	0	0.000128316975822738	0.0219724439600044	0.369192601014613	0.608706564518599	84.3076923100000	13.1263680600000
'IS_IV_C02_D01'	0.00914607544376334	0.0895725657337353	0.315984100251758	0.401518376818726	0.183778881752017	64.6923076900000	19.7924616600000
'IS_IV_C02_D02'	0.000161468241402300	0.00544999549191883	0.0692109619273535	0.330691736068504	0.594485838270821	92	20.2286924900000
'IS_IV_C02_D03'	0.00764463185308618	0.0699483941506385	0.262572490442755	0.404362618391045	0.255471865162475	69.6923076900000	21.1882405700000
'IS_IV_C02_D04'	0.137421430936729	0.294181021835517	0.325961287842320	0.186942731885092	0.0554935275003409	43.1153846200000	24.6452054900000
'IS_IV_C02_D05'	0.0192475108221632	0.119415446170989	0.318197565525596	0.364152766299684	0.178986711181568	63.1923076900000	21.7550347800000
'IS_IV_C02_D06'	0.0125358397618253	0.103340514771359	0.323816368846947	0.385689633247102	0.174617643372767	63.6153846200000	20.3353424800000
'IS_IV_C02_D07'	0.0523367141893365	0.191332531916281	0.339886147301962	0.293386678780217	0.123057927812203	55.9230769200000	23.5421716500000
'IS_IV_C02_D08'	0.0908905177586968	0.264711133422597	0.356993527640140	0.222937425575766	0.0644673956028001	47.7692307700000	22.7935213500000
'IS_IV_C02_D09'	0.173582716424002	0.394860858113011	0.324682544590408	0.0965052740344203	0.0103686068381596	36.1538461500000	19.8266332100000
'IS_IV_C02_D10'	0.0230851584697306	0.143748741739608	0.354258797035322	0.345527513640086	0.133379789115254	59.4615384600000	20.7735038300000
'IS_IV_C02_D11'	0.105563317852323	0.280972571540715	0.351008670435309	0.205813939571034	0.0566415006006183	45.8846153800000	22.9962204300000
'IS_IV_C02_D12'	0.0682911298468548	0.211961725393792	0.335860730068798	0.271687490809742	0.112198923880813	53.6923076900000	24.3914234600000
'IS_IV_C02_D13'	0.00302846037026309	0.0385364523544658	0.198314254827489	0.412732338811967	0.347388493635816	76.1923076900000	21.0200270800000
'IS_IV_C03_D01'	0.182080427328888	0.428037458863490	0.313364901002604	0.0714445303053717	0.00507268249964640	34.6538461500000	18.5168945700000
'IS_IV_C03_D02'	0	0	0	0	0.999999863194725	95.9615384600000	4.49426985600000
'IS_IV_C03_D03'	0	0.000792763288577740	0.0552004186978085	0.466258826673895	0.477746610222491	80.2307692300000	13.7704253900000
'IS_IV_C03_D04'	0.202291312605780	0.391878091703502	0.301977976037595	0.0925656998067055	0.0112869198464174	34.3461538500000	20.8306357200000
'IS_IV_C03_D05'	0.00178889871938209	0.0487658805045886	0.312442732124388	0.470488294787567	0.166514193864073	65.6538461500000	16.6203304600000
'IS_IV_C03_D06'	0.407796421585997	0.507278941057187	0.0831252099426180	0.00179432527745601	0	22.1538461500000	14.0476113500000
'IS_IV_C03_D07'	0.0209559520665534	0.228996562319373	0.505044517461780	0.224806824428707	0.0201961437235873	49.8846153800000	15.8096854400000
'IS_IV_C03_D08'	0.475840286998367	0.457091577470557	0.0656535824284485	0.00141002508147722	0	19.5769230800000	14.5084060500000
'IS_IV_C03_D09'	0.317341414378717	0.479275037461324	0.184749952224388	0.0181771306138156	0.000456465321754742	26.0384615400000	17.1148608400000
'IS_IV_C03_D10'	0.000116199557574791	0.0102238519454551	0.168507571694366	0.520258374696142	0.300894002106462	73.4615384600000	15.4537523400000
'IS_IV_C03_D11'	0.212837257987244	0.448414894202486	0.282519300021327	0.0532294442439799	0.00299910354496293	32.3461538500000	18.2031696300000
'IS_IV_C03_D12'	0.741702082282252	0.252546907148270	0.00574229084176950	0	0	12.0384615400000	12.1572390600000
'IS_IV_C03_D13'	4.60276325033916e-05	0.00844824256037383	0.196470350993623	0.578909366505770	0.216126012307730	70.4615384600000	13.9146851000000
'IS_IV_C04_D01'	0	0	0	0.0482986584487363	0.951693299940243	90.4230769200000	8.36264588200000
'IS_IV_C04_D02'	0	0	0.000124996995242536	0.0813247389048310	0.918550260764635	91.9615384600000	9.93370331400000
'IS_IV_C04_D03'	3.26093007104863e-05	0.00498125872614248	0.125189946474135	0.517645625587102	0.352150559911910	75.7307692300000	14.8877337200000
'IS_IV_C04_D04'	0.00303999385579390	0.0416574598861355	0.216056231047035	0.424125846093031	0.315120469118004	73.8846153800000	20.2905434600000
'IS_IV_C04_D05'	0.0547582048724813	0.226947412995826	0.382634238226816	0.262436947344853	0.0732231965600238	51.6153846200000	21.0885313300000
'IS_IV_C04_D06'	0	0.000336539038489896	0.0395393527904800	0.453233826004607	0.506890002693334	80.9615384600000	13.1102426200000
'IS_IV_C04_D07'	0.00397247814684699	0.0521024519666626	0.247919492427313	0.427975643267372	0.268029934191806	70.7692307700000	19.8621402500000
'IS_IV_C04_D08'	0	7.99713057486503e-05	0.0217204301648659	0.416072128001648	0.562127449761113	82.2692307700000	12.2818815900000
'IS_IV_C04_D09'	0.000254807907188589	0.0137892666600834	0.171606308717486	0.491121717739237	0.323227898976006	74.3076923100000	16.4967129600000
'IS_IV_C04_D10'	3.61853230158748e-05	0.00582690170275329	0.143454249452366	0.539957566276510	0.310725097245356	74.1153846200000	14.5940451500000
'IS_IV_C04_D11'	0	4.14987315909876e-05	0.0149197765193430	0.367063402577850	0.617975314272461	83.8846153800000	12.2125408400000
'IS_IV_C04_D12'	0.000547642192931600	0.0207743878944934	0.199250137820099	0.483179036022211	0.296248796070266	72.8846153800000	17.0559712100000
'IS_IV_C04_D13'	0	0.00152405934936158	0.0745766361642354	0.490438080085928	0.433457038571777	78.7692307700000	14.1175286600000
'IS_IV_C05_D01'	0	0.00222938104349417	0.0979188392511375	0.535403285634648	0.364442175262505	76.3076923100000	13.8557402700000
'IS_IV_C05_D02'	5.04279712894714e-05	0.00395450424307177	0.0788869637318026	0.400323497181526	0.516784606872310	83.7307692300000	17.0939935500000
'IS_IV_C05_D03'	0.0313047859153843	0.154439470819871	0.339047289476424	0.331220076976016	0.143988376812304	59.4230769200000	22.2264222500000
'IS_IV_C05_D04'	0.227326964007127	0.405231070116063	0.282354927483464	0.0769004455559973	0.00818659283734841	32.3076923100000	20.6354437400000
'IS_IV_C05_D05'	8.90074838369568e-05	0.0100839598785894	0.184501531518970	0.545171474105032	0.260154027013571	71.8846153800000	14.8116897700000
'IS_IV_C05_D06'	0	0	0.00556602142807473	0.381063928824624	0.613368138284641	82.5384615400000	10.3275583500000
'IS_IV_C05_D07'	1.57255493748762e-05	0.00313032679645073	0.0990821235849046	0.498680869423749	0.399090954645521	77.5769230800000	14.7490286500000
'IS_IV_C05_D08'	0	0.000427930664535731	0.0547772286380672	0.538417060911587	0.406377523078126	77.8076923100000	12.4836508500000
'IS_IV_C05_D09'	0.00291121527626288	0.0514469830069968	0.275805906990598	0.448544232291512	0.221291662434630	68.1538461500000	18.3121649400000
'IS_IV_C05_D10'	1.19400235677331e-05	0.00273846261809718	0.0951938044909617	0.501546016691315	0.400509776176059	77.6153846200000	14.5604311000000
'IS_IV_C05_D11'	0.0118443377779331	0.0991435792819120	0.317521547477739	0.389077942277336	0.182412593185080	64.2307692300000	20.4045243900000
'IS_IV_C05_D12'	0	0	0.000616397790527424	0.155015265977944	0.844368283143997	88.8461538500000	10.2164271900000
'IS_IV_C05_D13'	0	0.000561619023221792	0.0359315487891063	0.366673378801989	0.596832053227838	85.3076923100000	14.7614883600000
'IS_IV_C06_D01'	0.0153922380138964	0.135251556817747	0.385603600834672	0.356695963180409	0.107056641153275	58.6153846200000	18.8511578900000
'IS_IV_C06_D02'	0	0	0.000183822527219257	0.116505468894477	0.883310705108772	89.1538461500000	9.50659690000000
'IS_IV_C06_D03'	0	0	0.000253755285040693	0.123960160748636	0.875786076453605	89.2307692300000	9.71723290800000
'IS_IV_C06_D04'	0.260587428344403	0.437613145537390	0.250001438882794	0.0485858613697376	0.00321212586567479	29.6153846200000	19.2604816600000
'IS_IV_C06_D05'	0.000236668456483764	0.0145449547988736	0.187672199076529	0.508397117329840	0.289149060338274	72.7692307700000	16.0082670900000
'IS_IV_C06_D06'	0	0	0	0.0168834986360515	0.983116217639402	91.7307692300000	7.59767170800000
'IS_IV_C06_D07'	0	0.000507075023318097	0.0377796658093939	0.392612056385452	0.569100253476430	83.7692307700000	14.2500742200000
'IS_IV_C06_D08'	0	1.94894640211399e-05	0.0119384208002110	0.376541280880859	0.611500807216692	83.2692307700000	11.6122614200000
'IS_IV_C06_D09'	0.0807448508160871	0.235519150396803	0.343161699024789	0.249765578999521	0.0908087207627994	50.8461538500000	24.0061530600000
'IS_IV_C06_D10'	0	0.00208600647858608	0.0851379394416495	0.497228172139500	0.415540568305286	78.1538461500000	14.3434788200000
'IS_IV_C06_D11'	0.0168327259041767	0.131343317221127	0.364708597975027	0.360386501032876	0.126728857866793	59.7692307700000	19.6759908400000
'IS_IV_C06_D12'	0	3.18049723127737e-05	0.0300413775457735	0.649100102043390	0.320826714668264	76.2692307700000	10.2900250400000
'IS_IV_C06_D13'	0	1.80236925627354e-05	0.00915007376180169	0.307402805006917	0.683429095189274	85.8846153800000	12.1369746600000
'IS_V_C01_D01'	0.00659851462908360	0.195782456420821	0.600738214403836	0.190625344881111	0.00625546966514852	49.8823529400000	13.2773781300000
'IS_V_C01_D02'	0	0	0	0	0.999991918203786	96.0588235300000	5.23358140600000
'IS_V_C01_D03'	0	0	0.000553216856772182	0.164679455662016	0.834767295834121	87.9705882400000	9.91015791700000
'IS_V_C01_D04'	0.0201698674936573	0.289895164851024	0.548687409405517	0.136758747160108	0.00448881108969373	46.2941176500000	14.0465231600000
'IS_V_C01_D05'	0.999999931499605	0	0	0	0	3.02941176500000	4.53595263500000
'IS_V_C01_D06'	0.00478151354621167	0.0839255254077354	0.372826347899671	0.419182336543529	0.119284276602853	61.7058823500000	17.0623267700000
'IS_V_C01_D07'	1.45231728189473e-05	0.00384642576178581	0.129888433826574	0.559243418363773	0.307007198875048	74.1764705900000	13.9359369500000
'IS_V_C01_D08'	0.872902508016161	0.127078098574677	1.93934060591465e-05	0	0	14.3823529400000	7.63570046400000
'IS_V_C01_D09'	0	0	0	0.0177856566167369	0.982214171429217	90.6470588200000	7.28586158000000
'IS_V_C01_D10'	0.999998902197391	0	0	0	0	3.97058823500000	4.83350236400000
'IS_V_C01_D11'	0.0339336695965601	0.309288471661765	0.503130991418636	0.146077335185808	0.00756953213723107	45.6470588200000	15.2352906800000
'IS_V_C01_D12'	0.492304513917145	0.468264091934897	0.0391436376695073	0.000287570808465610	0	19.5882352900000	12.8254426300000
'IS_V_C02_D01'	0.0245304399884116	0.216673334334703	0.471874074889976	0.253377058881159	0.0335450919057503	51.1176470600000	16.9021510300000
'IS_V_C02_D02'	0	0	0	1.44108972301052e-05	0.999985589102770	96.5588235300000	5.45055558200000
'IS_V_C02_D03'	0	0	0	0.0161535669246794	0.983846334117213	90.4117647100000	7.11855299800000
'IS_V_C02_D04'	0.304841743361975	0.457963805756418	0.207618029854729	0.0284037816940010	0.00117263933287766	26.7941176500000	18.2719845400000
'IS_V_C02_D05'	0.619080727193569	0.345070698470758	0.0351897759978314	0.000656557160605822	0	13.1176470600000	15.3460382900000
'IS_V_C02_D06'	0.136629742804282	0.443370218305850	0.349783798713410	0.0670879880343665	0.00312825214209173	36.6470588200000	16.8178879400000
'IS_V_C02_D07'	0.00433992070618202	0.0693080222195910	0.321759228253825	0.434234486329818	0.170358342490583	64.8529411800000	17.9934876300000
'IS_V_C02_D08'	0.0462581254470806	0.247903723282788	0.427120505383293	0.236586601707006	0.0421310441798328	49.5882352900000	18.7747697400000
'IS_V_C02_D09'	0	0	0.00387958710340230	0.274250797098660	0.721867572278016	85.8823529400000	11.0254930600000
'IS_V_C02_D10'	0.256133479101718	0.447846366237614	0.249328405854410	0.0441971703382688	0.00249457846798931	29.7647058800000	18.6954196700000
'IS_V_C02_D11'	0.159525257277571	0.466089082803947	0.320527036900116	0.0518819950827226	0.00197662793564285	34.8235294100000	16.6286911400000
'IS_V_C02_D12'	0.00378542769049247	0.0710836124370647	0.345973464800991	0.436450360282746	0.142707134788706	63.4411764700000	17.2120309900000
'IS_V_C03_D01'	0.0112888732217798	0.253013912636170	0.589398890388021	0.142707017436460	0.00359130631756914	47.4705882400000	13.2921377900000
'IS_V_C03_D02'	0	0	0	0.00314177663797624	0.996858220071940	94.3823529400000	7.06684407700000
'IS_V_C03_D03'	0	0	2.26715240788364e-05	0.0733507962047556	0.926626532243805	89.1470588200000	8.49289311800000
'IS_V_C03_D04'	0.110630091912080	0.561977350797058	0.308901453727356	0.0183728568630567	0.000118246700449185	34.6176470600000	13.4119230200000
'IS_V_C03_D05'	0.788279959741676	0.209114318027992	0.00260419970701672	0	0	11.3235294100000	11.4355124400000
'IS_V_C03_D06'	0.107243546741478	0.552046716062954	0.319723292490493	0.0208337047989614	0.000152739906113506	35	13.5311089400000
'IS_V_C03_D07'	0.00572550466074443	0.175472097413588	0.591069161238104	0.218828797243954	0.00890443944360974	51	13.4592538900000
'IS_V_C03_D08'	0.266093570600456	0.530541363996275	0.190836151161470	0.0123839325909125	0.000144981650886470	28.0588235300000	15.2830688200000
'IS_V_C03_D09'	0	0	0	0.0223170953524231	0.977681483281585	92.8529411800000	8.24669760500000
'IS_V_C03_D10'	0.998665211654621	0.00133478808271877	0	0	0	5	6.73300329200000
'IS_V_C03_D11'	0.154855463220198	0.721816721167625	0.122569430018138	0.000758214727474517	0	29.2941176500000	10.9890563000000
'IS_V_C03_D12'	0.574953582521183	0.390281561584046	0.0343715421982089	0.000392731501934854	0	16.2058823500000	13.9951927100000
'IS_V_C05_D01'	0.0427765970956301	0.474932848829576	0.446505090401279	0.0355458456305531	0.000239618042961671	39.5000000000000	12.7285172600000
'IS_V_C05_D02'	0	0	3.31032666583297e-05	0.0518565478174423	0.948110348669261	93.0588235300000	9.48025436500000
'IS_V_C05_D03'	0	0	0	0.0463010415552272	0.953689224333281	91.1176470600000	8.57326607900000
'IS_V_C05_D04'	0.931049746707126	0.0688879555327148	6.22970715924652e-05	0	0	8.17647058800000	9.52976386300000
'IS_V_C05_D05'	0.432383857062796	0.545324626726977	0.0222620976803319	2.94172716533129e-05	0	21.3529411800000	10.7980984700000
'IS_V_C05_D06'	0	0.00153508994886835	0.114286518583783	0.628666169624275	0.255510698363749	73.0882352900000	12.3910222800000
'IS_V_C05_D07'	0	1.18398683357569e-05	0.0108018182932230	0.397805158322670	0.591381182991905	82.4705882400000	11.1633472100000
'IS_V_C05_D08'	0.490712176283313	0.490712176283313	0.0185491416137544	2.65043880628880e-05	0	20	11.0508466700000
'IS_V_C05_D09'	0	0	0	0.0353670163491494	0.964630333605109	90.6764705900000	8.03673606400000
'IS_V_C05_D10'	0.971630526765783	0.0283655951830921	0	0	0	6.82352941200000	8.63562244700000
'IS_V_C05_D11'	0.0493454158171603	0.451339914111122	0.449871050692900	0.0488652053919886	0.000578413986828633	39.9705882400000	13.4333039200000
'IS_V_C05_D12'	0.0150586824131671	0.343675448535297	0.571433767401693	0.0692212042746048	0.000610897375238456	43.8823529400000	12.3577106500000
'IS_V_C06_D01'	0.0241544250175810	0.151480415754061	0.365217781086288	0.338518945379415	0.120628432762655	58.4117647100000	20.4555951400000
'IS_V_C06_D02'	2.86414012978155e-05	0.00300815710790568	0.0727433325033641	0.405016109521992	0.519203759465440	83.3823529400000	16.5034701700000
'IS_V_C06_D03'	0	0	0.00124062150343551	0.227522878025892	0.771236375435842	86.1176470600000	10.0114017000000
'IS_V_C06_D04'	0.477963209243551	0.408504899691455	0.105182338932530	0.00815889099048294	0.000190661141981279	17.3823529400000	18.2591026800000
'IS_V_C06_D05'	0.404098196196412	0.441598212801422	0.140838503229797	0.0131089888294583	0.000356098942911500	21.4411764700000	18.0221936900000
'IS_V_C06_D06'	0	0	0	0.0618120622764200	0.938180227550472	88.6764705900000	7.98756832700000
'IS_V_C06_D07'	0.000100981882491716	0.00888571764862262	0.152282393951658	0.508294045264524	0.330436861252704	74.7352941200000	15.6366097700000
'IS_V_C06_D08'	0.000397377544799300	0.0228722843795737	0.250269770211578	0.520594865372849	0.205865702491200	68.8235294100000	15.5221651600000
'IS_V_C06_D09'	0	0	0.00142935455319706	0.157893526335359	0.840676495426910	91.0294117600000	11.4851295000000
'IS_V_C06_D10'	0.173775897509042	0.443106113597850	0.316345156397649	0.0632338874421929	0.00353894505326684	34.7058823500000	17.7260797600000
'IS_V_C06_D11'	0.0178726503148502	0.169031210590876	0.438918202433836	0.312924111947153	0.0612538247132836	54.7647058800000	17.5914215000000
'IS_V_C06_D12'	0.131363778181890	0.414861494476688	0.361276891242101	0.0867534586111502	0.00574437748817175	37.8529411800000	17.6208078700000
'IS_V_C08_D01'	0.0282874984420066	0.231327860845392	0.471165929270478	0.239018960239997	0.0301997512021271	50.2352941200000	16.9635238300000
'IS_V_C08_D02'	0	0	0	0	0.999999778216769	97.6764705900000	4.80353776300000
'IS_V_C08_D03'	0	0.000676109317600302	0.0586568996456109	0.506180405852116	0.434485810011418	78.6764705900000	13.1649686400000
'IS_V_C08_D04'	0.0153123767450364	0.316497754142212	0.575054778424845	0.0918456004571915	0.00128949023071486	44.9117647100000	12.8260333000000
'IS_V_C08_D05'	0.713313558923311	0.272367495150466	0.0142173917233451	0.000101455229406833	0	10.3235294100000	14.1779183600000
'IS_V_C08_D06'	0.00201992649218500	0.212349507660236	0.709904242277482	0.0754711737555055	0.000255149814591286	47	10.7703296100000
'IS_V_C08_D07'	1.58573177253392e-05	0.00609820303344968	0.207180298238214	0.621826821571447	0.164878819839164	69.0588235300000	12.8391946700000
'IS_V_C08_D08'	0.232643192150318	0.363648985476453	0.279087872827953	0.105163759677914	0.0194561898673623	32.5588235300000	23.7131739100000
'IS_V_C08_D09'	4.46110629872882e-05	0.00502752542567890	0.110915409986792	0.479021946744676	0.404990506779867	77.9411764700000	15.6610715500000
'IS_V_C08_D10'	0.246819283068336	0.499647872290382	0.229159868742213	0.0238123717474310	0.000560604151637591	29.5000000000000	16.4136860900000
'IS_V_C08_D11'	0.0567732982378976	0.268150601250281	0.419790197575238	0.217823473785855	0.0374624291507276	48.1176470600000	19.0322926600000
'IS_V_C08_D12'	0.0599865893491507	0.503399918528244	0.405117217613625	0.0312648861052647	0.000231388403716093	38.1470588200000	13.0619325500000
'IS_VI_C01_D01'	0.844224331293142	0.153440608085526	0.00233209631871972	0	0	6.25714285700000	12.6963238200000
'IS_VI_C01_D02'	0.00583711829258366	0.0744186928768890	0.310021110709250	0.422013345858906	0.187709732262371	65.5142857100000	18.9105812700000
'IS_VI_C01_D03'	0.998839055453352	0.00116094425267285	0	0	0	3.97142857100000	6.88769454400000
'IS_VI_C01_D04'	2.29190104520200e-05	0.00329384891090855	0.0895177295278068	0.460057394600511	0.447108107950321	79.6571428600000	15.4975194500000
'IS_VI_C01_D05'	0.143750771088683	0.394826456073001	0.351009076480694	0.101005840305767	0.00940785605185381	37.9142857100000	18.8310935400000
'IS_VI_C01_D06'	0.000327242383396528	0.0169193077228983	0.194991495340011	0.500920480547158	0.286841474006536	72.5714285700000	16.3244416400000
'IS_VI_C01_D07'	0	0.000471559031840719	0.0484808144500956	0.483447473651913	0.467599707981138	79.7142857100000	13.0937152200000
'IS_VI_C01_D08'	0.0197192961039349	0.126335164420058	0.332819193161137	0.360531942873906	0.160594403440965	61.8000000000000	21.2156989600000
'IS_VI_C01_D09'	0.00270118302616211	0.0658519095498416	0.361307986993973	0.446150700599554	0.123988219830470	62.8285714300000	16.3769668100000
'IS_VI_C01_D10'	0.00111147266743134	0.0290467235780211	0.217424078039128	0.466154889008555	0.286262836706865	72.2000000000000	17.8865707100000
'IS_VI_C01_D11'	7.37176440900240e-05	0.00571896419610802	0.104099301334424	0.444593141380023	0.445514875445356	80.0285714300000	16.6105666500000
'IS_VI_C01_D12'	0.0427696143054850	0.279131939216246	0.462604985282876	0.194687317611257	0.0208061435841360	47.3714285700000	17.0829907100000
'IS_VI_C01_D13'	0.0269666282232599	0.216328549586502	0.459591330886551	0.258583385260034	0.0385301060436538	51.3428571400000	17.3509498900000
'IS_VI_C01_D14'	0.766669724792488	0.218918901557515	0.0142013820245625	0.000209290908651711	0	3.08571428600000	16.4287614200000
'IS_VI_C02_D01'	0.606581645088498	0.365477082354114	0.0276775123739363	0.000263445010512778	0	15.1142857100000	13.8877250700000
'IS_VI_C02_D02'	0.000385594352929893	0.0174507310402465	0.188970343486562	0.489633075510165	0.303560255610096	73.3142857100000	16.7240078000000
'IS_VI_C02_D03'	0.0457142169925634	0.321234920096555	0.475280886721056	0.148058752495259	0.00971122369456654	45.0285714300000	16.0229352400000
'IS_VI_C02_D04'	0.0117319790460295	0.0945314457236970	0.303964689193867	0.390042369416318	0.199729516620089	65.4285714300000	20.8669253000000
'IS_VI_C02_D05'	0.107790411943613	0.433138025711676	0.381992786854353	0.0739378266166872	0.00314094887367104	38.3428571400000	16.2407310300000
'IS_VI_C02_D06'	6.07445442019680e-05	0.00627332237057041	0.126051591078721	0.492787243625646	0.374827098380861	76.6571428600000	15.6316851200000
'IS_VI_C02_D07'	9.39505770492549e-05	0.00799455921288786	0.139023916328827	0.494065395479413	0.358822178401823	75.9714285700000	15.8717020000000
'IS_VI_C02_D08'	0.00872138750638517	0.127275403854856	0.438579766078450	0.356860029330724	0.0685634132295855	57.1428571400000	16.6471033600000
'IS_VI_C02_D09'	0.00164962023936213	0.0591579324771242	0.385335056350797	0.455890537739748	0.0979668531929686	61.9714285700000	15.3133653900000
'IS_VI_C02_D10'	0.000191490170150720	0.0180630144778358	0.256540064503799	0.548581798265671	0.176623632582543	68.0285714300000	14.5349188400000
'IS_VI_C02_D11'	0.00279936738486563	0.0515237391674731	0.280341970634397	0.450922747893166	0.214412174920098	67.8000000000000	18.1169404000000
'IS_VI_C02_D12'	0.0161438333661875	0.150049710066326	0.413631142678363	0.338174513320775	0.0820008005683491	56.6857142900000	18.1412293300000
'IS_VI_C02_D13'	0.0333755464862997	0.270948697828136	0.486083940677443	0.192708557307520	0.0168832577006012	47.7428571400000	16.2776332600000
'IS_VI_C02_D14'	0.522830582850457	0.380811494832037	0.0894228761966457	0.00676981404306103	0.000165232077799403	14.4000000000000	18.7979973900000
'IS_VI_C03_D01'	0.856868371794853	0.142004483964383	0.00112671622527842	0	0	8.17142857100000	11.4724368300000
'IS_VI_C03_D02'	0.0795898101266413	0.346224440411774	0.419411528370074	0.141483369385627	0.0132908517058842	43	17.6884808000000
'IS_VI_C03_D03'	0.922697605029976	0.0772329447966397	6.94495024823282e-05	0	0	9.05714285700000	9.39318544300000
'IS_VI_C03_D04'	0.00441092112814309	0.0875212165707149	0.397320612685093	0.412679165968941	0.0980680836471084	60.5142857100000	16.4681000500000
'IS_VI_C03_D05'	0.379246943008311	0.495872451059491	0.119525837491808	0.00531125963191136	4.35088084789125e-05	23.1714285700000	15.3804415800000
'IS_VI_C03_D06'	0.191628257274346	0.488478897222412	0.281951567260917	0.0368506938550857	0.00109058438723959	32.6000000000000	16.4105418100000
'IS_VI_C03_D07'	0.00112317754687386	0.0330143743861065	0.248657091042403	0.479890047659284	0.237315309365332	69.6571428600000	17.1394674500000
'IS_VI_C03_D08'	0.0435806865309120	0.341095243878881	0.484546078303529	0.124931606579433	0.00584638470724533	44.1142857100000	15.3100724800000
'IS_VI_C03_D09'	0.0432825633747150	0.243405237213404	0.430946618941819	0.240211420479556	0.0421541599905057	49.8857142900000	18.6038759900000
'IS_VI_C03_D10'	0.0146900192474189	0.157312342114153	0.441294966406707	0.324280545547086	0.0624221266846351	55.4000000000000	17.2800463000000
'IS_VI_C03_D11'	0.0280422423099879	0.205090508461951	0.439676275197967	0.276296350079842	0.0508946239502522	52.4285714300000	18.0543065000000
'IS_VI_C03_D12'	0.0479436173271148	0.391263074626526	0.473537243794186	0.0849936801519443	0.00226238410022922	42	14.4771625400000
'IS_VI_C03_D13'	0.0270643082026003	0.290653321022661	0.519800973541225	0.154804053137442	0.00767734409607179	46.4857142900000	14.9378544600000
'IS_VI_C03_D14'	0.867718486460807	0.131656396789357	0.000625023907755414	0	0	9.11428571400000	10.7450985500000
'IS_VI_C06_D01'	0.412684642846289	0.442020702954286	0.133620120797339	0.0114000316021247	0.000274501799961412	21.0857142900000	17.7819661300000
'IS_VI_C06_D02'	0.00947549066564982	0.0778134574665659	0.270151597522057	0.396515519682118	0.246043934663610	68.9142857100000	21.5548158000000
'IS_VI_C06_D03'	0.104455180075716	0.386834110724048	0.391881186357405	0.108597277057705	0.00823224578512704	40.2000000000000	17.5663448300000
'IS_VI_C06_D04'	0.000455848034926174	0.0150889179283640	0.149421823976071	0.442677958521617	0.392355451539021	78	18.2063337400000
'IS_VI_C06_D05'	0.0204918670132817	0.124971419470459	0.324824483753897	0.359828610083159	0.169883619679203	62.4000000000000	21.6566794500000
'IS_VI_C06_D06'	0.000128610960770594	0.00797795625935608	0.121472049927373	0.453975182275883	0.416446200576617	78.7714285700000	16.8751221600000
'IS_VI_C06_D07'	0	0.000344387484644002	0.0294935485987241	0.357391169352791	0.612770325573608	85.5142857100000	14.3021418200000
'IS_VI_C06_D08'	0	0.000365337208944994	0.0331639329580887	0.386806257802268	0.579663954927616	83.9428571400000	13.9620132900000
'IS_VI_C06_D09'	0.00798916426544120	0.0956747648131825	0.353226007602025	0.402038050870844	0.141072012448507	62.2000000000000	18.4371747200000
'IS_VI_C06_D10'	0	0	2.77638923323040e-05	0.0737010368119771	0.926271199246173	89.4571428600000	8.64442308200000
'IS_VI_C06_D11'	4.57639033040562e-05	0.00615056984653038	0.138591066409650	0.523579585064525	0.331633014775991	74.8857142900000	14.9661803600000
'IS_VI_C06_D12'	0.000224004956511843	0.00972215484623517	0.120858363200314	0.430328541054111	0.438866935942829	80.3142857100000	17.8865237300000
'IS_VI_C06_D13'	0.000634540628062266	0.0173131606813334	0.152412859030832	0.432907574494388	0.396731865165384	78.4571428600000	18.8044782800000
'IS_VI_C06_D14'	0.155608957846152	0.295660047258769	0.310543478584822	0.180311700280388	0.0578758160298691	41.6571428600000	25.9773010200000
'IS_VI_C07_D01'	0.977820476235854	0.0221783224429874	0	0	0	7.45714285700000	8.13974583000000
'IS_VI_C07_D02'	0.0375976477842920	0.304927419949166	0.490779867831584	0.156758628696892	0.00993643573806677	45.8857142900000	15.7270307400000
'IS_VI_C07_D03'	0.880369953630768	0.119188357438863	0.000441644140238376	0	0	8.88571428600000	10.5433877500000
'IS_VI_C07_D04'	0.0138464057050204	0.123635373129126	0.369441424018364	0.369441424018364	0.123635373129126	60	19.1157465100000
'IS_VI_C07_D05'	0.0592415180246623	0.266464044054967	0.413038388958733	0.220638648410010	0.0406174005516273	48.2285714300000	19.3771935600000
'IS_VI_C07_D06'	0.0103046755469272	0.119563649598162	0.395758756600634	0.373704589474768	0.100668328779509	59.0857142900000	17.8578890600000
'IS_VI_C07_D07'	0	0.000173029326836521	0.0337919478667039	0.477581683765777	0.488453274924577	80.1714285700000	12.3419078400000
'IS_VI_C07_D08'	0.0104581248579130	0.109733598080045	0.365205499873174	0.385519980548453	0.129082796640415	60.9428571400000	18.6641254800000
'IS_VI_C07_D09'	0.0498798313919002	0.273729829836040	0.440233641469078	0.207495305668807	0.0286613916341751	47.7428571400000	18.0527704500000
'IS_VI_C07_D10'	0.000171307536849393	0.0121541483133077	0.174905849641109	0.510523666097160	0.302245028411574	73.4285714300000	15.8342252400000
'IS_VI_C07_D11'	0.0225378683821908	0.149055678154630	0.368800635439486	0.341383279405366	0.118222538618328	58.4285714300000	20.1702834900000
'IS_VI_C07_D12'	0.00140389595115324	0.0427011494176158	0.298580386097945	0.479954481527792	0.177360087005494	66.4571428600000	16.4948171100000
'IS_VI_C07_D13'	0.00871848262921856	0.0955955836547411	0.342337820416568	0.400398150866715	0.152949962432756	62.8000000000000	18.9065814900000
'IS_VI_C07_D14'	0.235271538871633	0.537024518965884	0.212874662514247	0.0146540937694675	0.000175185878768776	29.4285714300000	15.1157995100000
'IS_VI_C08_D01'	0.300797994358573	0.530891383763435	0.160003568566829	0.00823468350550419	7.23698056593037e-05	26.4285714300000	15.0436340100000
'IS_VI_C08_D02'	0.00459351006506441	0.0613923826307142	0.278746425596903	0.429961062749096	0.225306618958223	68.0285714300000	19.2483547300000
'IS_VI_C08_D03'	0.0906338617533408	0.331983192997493	0.399271009458532	0.157668713998266	0.0204432217923683	43.3142857100000	18.9515969000000
'IS_VI_C08_D04'	9.23064662040895e-05	0.0101050583541064	0.182300370144406	0.541973808190662	0.265528456844621	72.0857142900000	14.8944747500000
'IS_VI_C08_D05'	0.0355789171101289	0.203650736601941	0.407140566771236	0.284294135137546	0.0693356443791486	53.1714285700000	19.5003555200000
'IS_VI_C08_D06'	0.00106082968582965	0.0356557075245020	0.275369903327007	0.488661253456921	0.199252306005740	67.8000000000000	16.4920658300000
'IS_VI_C08_D07'	1.26804863525764e-05	0.00227711031201196	0.0744460156966502	0.443106457884258	0.480157735620728	80.9428571400000	15.3238431200000
'IS_VI_C08_D08'	0	0.00111237563117455	0.0673914752479585	0.493822224363810	0.437671703953525	78.8571428600000	13.7608627800000
'IS_VI_C08_D09'	0.0817775454525143	0.340034265108883	0.414517501047337	0.148147605456004	0.0155230829352620	43.2285714300000	18.0556097100000
'IS_VI_C08_D10'	0	0.000904830121615016	0.0590555434159369	0.473538551447930	0.466499371779882	79.8571428600000	13.8120639000000
'IS_VI_C08_D11'	0.0191757485880599	0.181334324049919	0.451746976263272	0.296481798717812	0.0512611523809368	53.6857142900000	17.3167233500000
'IS_VI_C08_D12'	3.90950215995800e-05	0.00379296941945879	0.0839514174462210	0.423904018236308	0.488312499876412	81.9142857100000	16.4520183400000
'IS_VI_C08_D13'	0.00425284619969872	0.0715738769651028	0.334383998786307	0.433663140979415	0.156126137069477	64.0571428600000	17.6667565100000
'IS_VI_C08_D14'	0.366405086379523	0.452261430694885	0.163488522941461	0.0173083093036196	0.000536650680511189	23.4285714300000	18.0477890400000