'part1/blurjpeg/babygirl_blur1.bmp'	0.407241900875827	0.453359003246242	0.129686481603371	0.00953256654160310	0.000180047732956767	21.5789473684211	17.1571682119350
'part1/blurjpeg/babygirl_blur1_jpeg1.bmp'	0.200600671083635	0.342438290159587	0.296926530018643	0.130777319311156	0.0292571894269795	35.7894736842105	24.3003862506304
'part1/blurjpeg/babygirl_blur1_jpeg2.bmp'	0.224291190516269	0.399352757075551	0.285236924878365	0.0817258397933914	0.00939328773642375	32.6315789473684	20.9263537364194
'part1/blurjpeg/babygirl_blur1_jpeg3.bmp'	0.0124485959676617	0.161852518781125	0.471905761133562	0.308551614070121	0.0452415100475310	54.3157894736842	16.3573042861216
'part1/blurjpeg/babygirl_blur2.bmp'	0.155914633820045	0.326284655525918	0.326284655525918	0.155914633820045	0.0356014213080753	40	23.2737334062816
'part1/blurjpeg/babygirl_blur2_jpeg1.bmp'	0.0421701783392338	0.212193417564195	0.397246919022807	0.276688639392713	0.0717008456810512	52.6842105263158	20.1137118282224
'part1/blurjpeg/babygirl_blur2_jpeg2.bmp'	0.0572075692468224	0.229335016096547	0.379889603753194	0.260024703700652	0.0735431072027842	51.4210526315789	21.2741778519137
'part1/blurjpeg/babygirl_blur2_jpeg3.bmp'	0.0883966855876252	0.285793961532517	0.377403294349413	0.203560681688798	0.0448453768416468	46.2105263157895	21.1360117844414
'part1/blurjpeg/babygirl_blur3.bmp'	0.0137881282363785	0.119550750850268	0.358971057404713	0.373273099212677	0.134416964295963	60.7368421052632	19.4217578597452
'part1/blurjpeg/babygirl_blur3_jpeg1.bmp'	0.0914868244860305	0.212247720295557	0.300378561302425	0.259320141072828	0.136566752843160	54.0526315789474	28.4477565688609
'part1/blurjpeg/babygirl_blur3_jpeg2.bmp'	0.0443499664481440	0.166400111850207	0.319202958703969	0.313064035070824	0.156982927926856	59.4210526315789	24.4183805757368
'part1/blurjpeg/babygirl_blur3_jpeg3.bmp'	0.0157742105254312	0.101920292093481	0.293135242852486	0.375292392215035	0.213877862313567	66.1052631578947	22.2308462797931
'part1/blurjpeg/babygirl_jpeg1.bmp'	0.475658546767970	0.344422860129278	0.142068402548690	0.0333819644002292	0.00446822615383276	8.52631578947369	26.6611836468356
'part1/blurjpeg/babygirl_jpeg2.bmp'	0.374323866859550	0.377710130321188	0.192231722503019	0.0493454134639470	0.00638886685229681	20.2631578947368	24.1749229695731
'part1/blurjpeg/babygirl_jpeg3.bmp'	0.116918617217721	0.328260004547343	0.365378702142407	0.161235045040874	0.0282076310516549	42.3157894736842	20.7927675235056
'part1/blurjpeg/bikerace_blur1.bmp'	0.0133191395750888	0.340033932735897	0.580033306644549	0.0661101574910099	0.000503463553454854	43.9473684210526	12.1585529302103
'part1/blurjpeg/bikerace_blur1_jpeg1.bmp'	0.0181437785888572	0.236945776897790	0.529361951313630	0.202320079559568	0.0132284136401547	49.1052631578947	15.0513740120005
'part1/blurjpeg/bikerace_blur1_jpeg2.bmp'	0.0739122882987511	0.283437136546964	0.398472856188029	0.205372656562417	0.0388050624038390	46.7894736842105	19.9654672632757
'part1/blurjpeg/bikerace_blur1_jpeg3.bmp'	0.0202196287536890	0.179894063007564	0.442467997052070	0.300862651431417	0.0565556597552594	54	17.6383420737639
'part1/blurjpeg/bikerace_blur2.bmp'	0.00980077517711831	0.132678001408251	0.437471664813624	0.351328556057707	0.0687210025432993	56.8947368421053	16.8288599232328
'part1/blurjpeg/bikerace_blur2_jpeg1.bmp'	0.000506863163243746	0.0506242571403296	0.479974872484454	0.431986569732054	0.0369074374799187	59.1052631578947	13.0336945254389
'part1/blurjpeg/bikerace_blur2_jpeg2.bmp'	0.000350812745459429	0.0349137146729127	0.392890056464943	0.499919757336127	0.0719256587805577	62.2105263157895	13.5465409581127
'part1/blurjpeg/bikerace_blur2_jpeg3.bmp'	0.000337217211326554	0.0330429556186502	0.378808845940536	0.508081530187106	0.0797294510423810	62.7368421052632	13.6538236616999
'part1/blurjpeg/bikerace_blur3.bmp'	0.00396082453846786	0.0472907887253593	0.223334560166437	0.417180243215415	0.308233583354320	73.4736842105263	20.7668764597553
'part1/blurjpeg/bikerace_blur3_jpeg1.bmp'	0.00205611899391497	0.0482717494957173	0.294076565994116	0.464890191029795	0.190705374486457	66.7894736842105	17.2194300698317
'part1/blurjpeg/bikerace_blur3_jpeg2.bmp'	0.000240570216834473	0.0135504949410278	0.172244966435369	0.494101306434594	0.319862661972176	74.1578947368421	16.3919463893934
'part1/blurjpeg/bikerace_blur3_jpeg3.bmp'	0.000160270522037343	0.0122658871378970	0.181478097766110	0.519074164754156	0.287021579819800	72.7894736842105	15.6012070308266
'part1/blurjpeg/bikerace_jpeg1.bmp'	0.600930109233725	0.368228700574379	0.0304992156375490	0.000341457825348899	0	15.1052631578947	14.1377930732649
'part1/blurjpeg/bikerace_jpeg2.bmp'	0.510509605015661	0.427437074894758	0.0605931006520090	0.00145430963055527	0	18	15.0074055793206
'part1/blurjpeg/bikerace_jpeg3.bmp'	0.205765326278263	0.592618475683584	0.194329887355353	0.00725546796242151	3.08427203789846e-05	29.7368421052632	13.5681084625478
'part1/blurjpeg/cows_blur1.bmp'	0.0842900430241454	0.413962620366326	0.413962620366326	0.0842900430241454	0.00349467321905809	40	15.8534959341255
'part1/blurjpeg/cows_blur1_jpeg1.bmp'	0.0743560162361916	0.346545381062701	0.427475835114660	0.139563058279102	0.0120597093073459	43.1578947368421	17.3469919194934
'part1/blurjpeg/cows_blur1_jpeg2.bmp'	0.133230330582397	0.319975219230861	0.344514752294649	0.166294367515063	0.0359853303770299	41.8421052631579	22.3290124125909
'part1/blurjpeg/cows_blur1_jpeg3.bmp'	0.0163030001643756	0.240959364355243	0.544585387655962	0.188206257492067	0.00994599033235377	48.6842105263158	14.5947198655273
'part1/blurjpeg/cows_blur2.bmp'	0.0584239660525826	0.205684938775871	0.346941683379732	0.280383856006437	0.108565555785377	54.2105263157895	23.3156574653372
'part1/blurjpeg/cows_blur2_jpeg1.bmp'	0.0397374439980623	0.177596365626261	0.352114548131963	0.309705996107422	0.120845646136291	56.8421052631579	22.1842365403273
'part1/blurjpeg/cows_blur2_jpeg2.bmp'	0.00103001235666741	0.0463640684869956	0.359858687735427	0.481608113269155	0.111139118151755	63.3157894736842	15.0851384981634
'part1/blurjpeg/cows_blur2_jpeg3.bmp'	0.0835579978336845	0.217802200218381	0.318252699354849	0.260685890012524	0.119701212580562	53.1052631578947	26.2887697544917
'part1/blurjpeg/cows_blur3.bmp'	0.0296945488118270	0.127907805078106	0.288771442423572	0.341702627376257	0.211923576310238	65.2105263157895	24.8832360957431
'part1/blurjpeg/cows_blur3_jpeg1.bmp'	0.0280938506900882	0.126655742358968	0.292163134795983	0.344836209615280	0.208251062539681	64.9473684210526	24.4323867124732
'part1/blurjpeg/cows_blur3_jpeg2.bmp'	0.0423737896079584	0.149845734537158	0.294054061134518	0.320217967252172	0.193508447468195	62.8947368421053	26.0616677577585
'part1/blurjpeg/cows_blur3_jpeg3.bmp'	0.0778481872343884	0.180769929291141	0.276675461555150	0.279114159581085	0.185592262338236	60.4210526315789	30.9772600995449
'part1/blurjpeg/cows_jpeg1.bmp'	0.587655818115168	0.360239199464109	0.0504764912381110	0.00161665596304047	1.18352195719304e-05	13.3684210526316	16.4627880935419
'part1/blurjpeg/cows_jpeg2.bmp'	0.655091666850523	0.328893128964272	0.0159405856675141	7.45848282770118e-05	0	14.1052631578947	13.0804975136529
'part1/blurjpeg/cows_jpeg3.bmp'	0.400477588549392	0.424884498993700	0.154542729457570	0.0192713123624917	0.000823870636845928	21.1052631578947	19.3301570288561
'part1/blurjpeg/elephant_blur1.bmp'	0.213607268822771	0.464877123218475	0.275239317208051	0.0443335917663975	0.00194269898430572	31.9473684210526	17.5292570806971
'part1/blurjpeg/elephant_blur1_jpeg1.bmp'	0.209439649048604	0.512934007272966	0.252229157065342	0.0249034941613162	0.000493692451772675	31.1578947368421	15.7841803992856
'part1/blurjpeg/elephant_blur1_jpeg2.bmp'	0.126135302493703	0.389523772874577	0.368285294371049	0.106607530255663	0.00944810000500888	39.0526315789474	18.3831858084456
'part1/blurjpeg/elephant_blur1_jpeg3.bmp'	0.0902689826125872	0.375730449961752	0.408948613240001	0.116389978879764	0.00866197530589500	41.2631578947368	17.2686038336217
'part1/blurjpeg/elephant_blur2.bmp'	0.0900797737738045	0.291762757138209	0.379140841660823	0.197669395084639	0.0413472323425239	45.7368421052632	20.9280303932394
'part1/blurjpeg/elephant_blur2_jpeg1.bmp'	0.0438191497644473	0.284418442422177	0.463151489769827	0.189216881848176	0.0193940361953718	47.0526315789474	17.0080820141828
'part1/blurjpeg/elephant_blur2_jpeg2.bmp'	0.00659148091877835	0.168315838428035	0.563508808035221	0.247349006986843	0.0142348656311224	51.8947368421053	14.0312933467466
'part1/blurjpeg/elephant_blur2_jpeg3.bmp'	0.0282531986147195	0.230244718038859	0.470136818055958	0.240531181986972	0.0308340833034909	50.3157894736842	17.0001719977539
'part1/blurjpeg/elephant_blur3.bmp'	0.0317964690160072	0.156716966504206	0.341632823631938	0.329389397571517	0.140464343276332	59.1052631578947	22.1432074782968
'part1/blurjpeg/elephant_blur3_jpeg1.bmp'	0.00371650362616238	0.0746433402804050	0.364416141661695	0.432468201650632	0.124755812781105	62.4210526315789	16.8170409257121
'part1/blurjpeg/elephant_blur3_jpeg2.bmp'	0.0155318506712028	0.133816565828097	0.380946773534465	0.358332718621256	0.111372091344980	58.8947368421053	19.0055393587183
'part1/blurjpeg/elephant_blur3_jpeg3.bmp'	0.00182052740572892	0.0484272512353538	0.308349310669242	0.469955471235078	0.171447439454597	65.8947368421053	16.7262094292564
'part1/blurjpeg/elephant_jpeg1.bmp'	0.858161788459916	0.139808903798616	0.00202669330183477	0	0	5	12.8582010146573
'part1/blurjpeg/elephant_jpeg2.bmp'	0.494260630950293	0.422010252378920	0.0802927476506209	0.00340420710056753	3.21619195983724e-05	17.8947368421053	16.3227677964863
'part1/blurjpeg/elephant_jpeg3.bmp'	0.450783500953894	0.410130309964524	0.125667545144747	0.0129679643422454	0.000450679594590337	18.2631578947368	19.1712809091074
'part1/blurjpeg/iceroad_blur1.bmp'	0.169791205376386	0.398743306123402	0.327716577969351	0.0942606019896989	0.00948830854116198	36.2631578947368	19.5187718911911
'part1/blurjpeg/iceroad_blur1_jpeg1.bmp'	0.139033155977337	0.479073849426469	0.333608980618505	0.0469487663336802	0.00133524764400865	35.4736842105263	15.8161957114733
'part1/blurjpeg/iceroad_blur1_jpeg2.bmp'	0.125104875756694	0.401970120364747	0.368945649414974	0.0967342125939034	0.00724514186968242	38.6315789473684	17.8674456494231
'part1/blurjpeg/iceroad_blur1_jpeg3.bmp'	0.142714714908529	0.378753085496284	0.351507175659036	0.114078237095368	0.0129467868407838	38.5789473684211	19.5115800074203
'part1/blurjpeg/iceroad_blur2.bmp'	0.0576403914344030	0.278812195544839	0.426209446074962	0.205902127789670	0.0314358391561258	47.3684210526316	18.6345274701316
'part1/blurjpeg/iceroad_blur2_jpeg1.bmp'	0.0162078935052924	0.173108649578483	0.459046553082847	0.302232011193960	0.0494048926394181	54	16.9443533695184
'part1/blurjpeg/iceroad_blur2_jpeg2.bmp'	0.0269514874163028	0.243778726258158	0.489491622093863	0.218188128314023	0.0215900359176539	49.2631578947368	16.3021542723080
'part1/blurjpeg/iceroad_blur2_jpeg3.bmp'	0.000344179724703456	0.0624596061419740	0.609067895889507	0.319142530245726	0.00898578799809039	55.5789473684211	11.6967031892357
'part1/blurjpeg/iceroad_blur3.bmp'	0.00728791306969142	0.0949149738136094	0.361882477407828	0.403925853502934	0.131988782205937	61.7894736842105	18.0449406494157
'part1/blurjpeg/iceroad_blur3_jpeg1.bmp'	0.00314237212901791	0.0661772266116331	0.344755582948421	0.444289295815350	0.141635522495579	63.6315789473684	16.9220780386511
'part1/blurjpeg/iceroad_blur3_jpeg2.bmp'	0.00331880847355200	0.0685418004270904	0.349761700284172	0.440993735745662	0.137383955069524	63.3157894736842	16.9149921390560
'part1/blurjpeg/iceroad_blur3_jpeg3.bmp'	0.000824853843017089	0.0353777205266044	0.299366399454410	0.499800428064456	0.164630598111512	66.3157894736842	15.6987353757448
'part1/blurjpeg/iceroad_jpeg1.bmp'	0.567103919453003	0.336234993845580	0.0865276051447675	0.00966491340989219	0.000468568146757778	7.47368421052632	21.8920797982909
'part1/blurjpeg/iceroad_jpeg2.bmp'	0.693569162621575	0.278344172288242	0.0274197021414400	0.000663027550751936	0	7	16.8753600784629
'part1/blurjpeg/iceroad_jpeg3.bmp'	0.508382725111915	0.383011805004134	0.0994355495849517	0.00889568386898550	0.000274236430014229	14.6842105263158	19.3765397426285
'part1/blurjpeg/lakebuilding_blur1.bmp'	0.133788835612779	0.407190968003209	0.359823431087502	0.0923195728940604	0.00687719240244929	38	17.9845612802883
'part1/blurjpeg/lakebuilding_blur1_jpeg1.bmp'	0.0770916867382717	0.340415198372054	0.421679138040867	0.146530175426599	0.0142838014222078	43.3684210526316	17.7395055872347
'part1/blurjpeg/lakebuilding_blur1_jpeg2.bmp'	0.0229828717539260	0.232621969414439	0.497733336925680	0.225134627474832	0.0215271944311242	49.7894736842105	16.0436174480294
'part1/blurjpeg/lakebuilding_blur1_jpeg3.bmp'	0.00248003634222938	0.122890687304211	0.589132160991407	0.273236881905939	0.0122602334562135	53.4210526315789	13.0865316238307
'part1/blurjpeg/lakebuilding_blur2.bmp'	0.00294147275676105	0.0723279462850702	0.382624318659291	0.435475911707329	0.106630350591549	61.6842105263158	16.1350296338913
'part1/blurjpeg/lakebuilding_blur2_jpeg1.bmp'	0.00573547228661219	0.0949495500820167	0.392015586638574	0.403645817867878	0.103653573124919	60.4210526315789	16.9715964988359
'part1/blurjpeg/lakebuilding_blur2_jpeg2.bmp'	0.000982089708968712	0.0533766915483992	0.414188519664131	0.458870752357716	0.0725819467207847	61.0526315789474	14.3351692010730
'part1/blurjpeg/lakebuilding_blur2_jpeg3.bmp'	0.000117056290328792	0.0166957471624139	0.282357036161405	0.566204116632213	0.134626043753640	66.5263157894737	13.6965868459288
'part1/blurjpeg/lakebuilding_blur3.bmp'	0.000459895818423768	0.0237524703714495	0.246490474071093	0.513964977004730	0.215332182734304	69.1578947368421	15.7876997054132
'part1/blurjpeg/lakebuilding_blur3_jpeg1.bmp'	0.00180296109890048	0.0326376491033977	0.203601580254513	0.437696610118803	0.324261199424386	74.3684210526316	19.3769924461282
'part1/blurjpeg/lakebuilding_blur3_jpeg2.bmp'	0.00166705066730415	0.0465035523423337	0.305666079859504	0.473404250962831	0.172759066168027	66.0526315789474	16.6348819726986
'part1/blurjpeg/lakebuilding_blur3_jpeg3.bmp'	2.65629843310882e-05	0.00471240113240787	0.127862469805810	0.530614823210275	0.336783742867176	75.1578947368421	14.5955212228300
'part1/blurjpeg/lakebuilding_jpeg1.bmp'	0.882237890048053	0.117545098158849	0.000217006241871835	0	0	10.5789473684211	9.66848137836252
'part1/blurjpeg/lakebuilding_jpeg2.bmp'	0.476290229331411	0.443827377863738	0.0773461831311085	0.00252084456524248	1.53651084996620e-05	19.1578947368421	15.4461903174096
'part1/blurjpeg/lakebuilding_jpeg3.bmp'	0.433354883310144	0.499896223045703	0.0657606919654024	0.000986513997260387	0	21.3157894736842	13.5730641409904
'part1/blurjpeg/lunch_blur1.bmp'	0.0813268207735351	0.284456586086696	0.387082624732272	0.204925897755249	0.0422080706522475	46.5263157894737	20.5841590146205
'part1/blurjpeg/lunch_blur1_jpeg1.bmp'	0.0726418585775512	0.318878935660585	0.421139818667159	0.167335609269691	0.0200037778250137	44.6315789473684	18.2489285113638
'part1/blurjpeg/lunch_blur1_jpeg2.bmp'	0.0320995260941764	0.210259937445019	0.429550700371447	0.273698440279353	0.0543913958100050	52.2631578947368	18.5287827304895
'part1/blurjpeg/lunch_blur1_jpeg3.bmp'	0.00373853530515787	0.142151310382832	0.583367639385226	0.258390109868237	0.0123524050585475	52.6842105263158	13.4041976492397
'part1/blurjpeg/lunch_blur2.bmp'	0.0122254590146065	0.105747088947397	0.334079636462006	0.385487167111855	0.162460648464135	62.8421052631579	19.9283805382473
'part1/blurjpeg/lunch_blur2_jpeg1.bmp'	0.00295766077625052	0.0689939361099458	0.365907897715345	0.441195369125731	0.120945136272728	62.5263157894737	16.4329223107917
'part1/blurjpeg/lunch_blur2_jpeg2.bmp'	0.0149624642149105	0.132596301141422	0.382677299435648	0.359672305045393	0.110091630162627	58.8947368421053	18.8823690158074
'part1/blurjpeg/lunch_blur2_jpeg3.bmp'	0.0102943778890831	0.0950847711334805	0.320865119250882	0.395580371954465	0.178175359772089	64.1578947368421	19.9311681039598
'part1/blurjpeg/lunch_blur3.bmp'	0.00912464109359684	0.0781362092545632	0.275327929547868	0.399217512626568	0.238193707477404	68.3684210526316	21.2242275774010
'part1/blurjpeg/lunch_blur3_jpeg1.bmp'	0.00364585722518927	0.0525390213259033	0.258669705708538	0.435101347431117	0.250044068309252	69.6842105263158	19.2989712782226
'part1/blurjpeg/lunch_blur3_jpeg2.bmp'	0.000112756110048213	0.00787709304592986	0.126571283084021	0.467786523893367	0.397652343866634	77.7894736842105	16.4977404088103
'part1/blurjpeg/lunch_blur3_jpeg3.bmp'	0.00192379983930703	0.0397805143447804	0.246451630562807	0.457450165985037	0.254393889268069	70.2631578947368	18.2173363867839
'part1/blurjpeg/lunch_jpeg1.bmp'	0.637566992855838	0.336647160420097	0.0255080607028569	0.000277353265821333	0	13.4210526315789	14.3539223809835
'part1/blurjpeg/lunch_jpeg2.bmp'	0.459249757640573	0.413823659209151	0.116420506151217	0.0102256620430935	0.000280414955965501	18.2105263157895	18.5369868921822
'part1/blurjpeg/lunch_jpeg3.bmp'	0.331300475376315	0.500711864545075	0.157530110342967	0.0103168981663340	0.000140651569308962	25.2631578947368	15.9646905710458
'part1/blurjpeg/market_blur1.bmp'	0.353405978234339	0.529942636014599	0.113192630755903	0.00344383049812614	1.49244970336256e-05	24.1578947368421	14.3265998055472
'part1/blurjpeg/market_blur1_jpeg1.bmp'	0.282497872575277	0.448467585379618	0.229281651783619	0.0377511261944594	0.00200176406702806	28.1578947368421	18.7890723498017
'part1/blurjpeg/market_blur1_jpeg2.bmp'	0.198703667319421	0.414710642191818	0.302551818055120	0.0771559890539082	0.00687788337973303	34	19.5078331845327
'part1/blurjpeg/market_blur1_jpeg3.bmp'	0.125749833260959	0.396891207088477	0.368563606027603	0.100700199448662	0.00809515417429984	38.7894736842105	18.0818477035470
'part1/blurjpeg/market_blur2.bmp'	0.103895104227267	0.311693367049791	0.372819012964395	0.177789684314208	0.0338028314443398	43.8947368421053	20.8563732248339
'part1/blurjpeg/market_blur2_jpeg1.bmp'	0.0481010705170257	0.276185169724967	0.446470781047435	0.203204258125297	0.0260387205852749	47.5789473684211	17.7648710458268
'part1/blurjpeg/market_blur2_jpeg2.bmp'	0.0206634376750309	0.236962194892021	0.514461549392547	0.211458013009212	0.0164548050311881	49.3157894736842	15.5028765487747
'part1/blurjpeg/market_blur2_jpeg3.bmp'	0.0416330414577012	0.221474803725734	0.410931844426832	0.265934421816927	0.0600258885728052	51.7368421052632	19.4874378489869
'part1/blurjpeg/market_blur3.bmp'	0.0127119985595775	0.168688983464309	0.482229562922105	0.296971768315941	0.0393976867380669	53.6842105263158	16.1419144932927
'part1/blurjpeg/market_blur3_jpeg1.bmp'	0.00699682617084829	0.113726793132906	0.428660570086369	0.374673792887785	0.0759420177220917	58.1578947368421	16.5437573251287
'part1/blurjpeg/market_blur3_jpeg2.bmp'	0.00237561469793175	0.0712914071533127	0.404480207744463	0.433866650268067	0.0879861201362256	60.8421052631579	15.4964625278543
'part1/blurjpeg/market_blur3_jpeg3.bmp'	0.00222966100530712	0.0687605408441782	0.399861345610491	0.438479461658892	0.0906689908811314	61.1052631578947	15.4843818692044
'part1/blurjpeg/market_jpeg1.bmp'	0.683911234243707	0.290124595720942	0.0254981472406401	0.000464271438144957	0	9.10526315789474	15.9404960777473
'part1/blurjpeg/market_jpeg2.bmp'	0.400419783925609	0.482328219152549	0.112171731032824	0.00503660367640134	4.36622126168866e-05	22.2631578947368	15.5950209478081
'part1/blurjpeg/market_jpeg3.bmp'	0.340667470341677	0.453795405297456	0.182547766685673	0.0221758336428602	0.000813524032333758	24.7894736842105	18.2774267194641
'part1/blurjpeg/palace2_blur1.bmp'	0.00461447286899772	0.169628577373722	0.607068635272949	0.211513661445069	0.00717465303926229	50.9473684210526	13.1041710247392
'part1/blurjpeg/palace2_blur1_jpeg1.bmp'	0.0113784695848014	0.186356158480642	0.525612034539149	0.255298642734882	0.0213546946605262	51.7894736842105	15.0797102365633
'part1/blurjpeg/palace2_blur1_jpeg2.bmp'	0.00990604531120010	0.160401555828834	0.498436945825604	0.297238635835635	0.0340168171987268	53.7368421052632	15.5664957351899
'part1/blurjpeg/palace2_blur1_jpeg3.bmp'	8.86611892122332e-05	0.0147555551474827	0.275203926817144	0.575215752417359	0.134736104428802	66.7368421052632	13.5188843444320
'part1/blurjpeg/palace2_blur2.bmp'	0.00795368319636504	0.0799709380046881	0.297131324019716	0.407959483284091	0.206984571495140	66.3684210526316	20.0449786627635
'part1/blurjpeg/palace2_blur2_jpeg1.bmp'	0.0105597304631881	0.105646388994010	0.351538253627955	0.389051087385651	0.143204539529197	61.8421052631579	19.0620715846787
'part1/blurjpeg/palace2_blur2_jpeg2.bmp'	0.000196598036090265	0.0155242667091085	0.216674710361063	0.534528127352137	0.233076297541601	70.4210526315790	15.1925266330876
'part1/blurjpeg/palace2_blur2_jpeg3.bmp'	0.000991122485335775	0.0253878127151886	0.196097585817447	0.456739121748695	0.320784357233333	74.1052631578947	18.2662248633984
'part1/blurjpeg/palace2_blur3.bmp'	0.000406224983969699	0.0144880462996108	0.149646481784923	0.447648040224380	0.387811206707117	77.6842105263158	17.9661800539512
'part1/blurjpeg/palace2_blur3_jpeg1.bmp'	0.00103530966962422	0.0234848828029469	0.176352928878448	0.438382399089945	0.360744479559036	76.4736842105263	19.0215328890784
'part1/blurjpeg/palace2_blur3_jpeg2.bmp'	0.000135131875059439	0.00881858624315551	0.133736519915117	0.471314669072182	0.385995092894486	77.2631578947368	16.5557714181932
'part1/blurjpeg/palace2_blur3_jpeg3.bmp'	1.32034845926905e-05	0.00191321441000132	0.0591448209591031	0.390074712992075	0.548854048154227	84.4210526315790	16.0911148342241
'part1/blurjpeg/palace2_jpeg1.bmp'	0.429884898762018	0.466260705886428	0.0996260456328004	0.00419357501902583	3.47746997278825e-05	21	15.6914697279198
'part1/blurjpeg/palace2_jpeg2.bmp'	0.350230270325405	0.512991123500024	0.130912870832824	0.00582064574872483	4.50895930225420e-05	24.3684210526316	15.1298473456197
'part1/blurjpeg/palace2_jpeg3.bmp'	0.0940378381078973	0.325519181168693	0.392109491562319	0.164359551892524	0.0239739372685666	43.5263157894737	19.4661199154172
'part1/blurjpeg/railwaystation_blur1.bmp'	0.229920961946803	0.480382151436492	0.254390726130899	0.0341445822922024	0.00116157819360387	30.7368421052632	17.0712302012712
'part1/blurjpeg/railwaystation_blur1_jpeg1.bmp'	0.173367717233696	0.442802648470096	0.316786485562539	0.0634800907562822	0.00356305797738777	34.7368421052632	17.7289534229656
'part1/blurjpeg/railwaystation_blur1_jpeg2.bmp'	0.120803393036550	0.522018460378110	0.327073096866891	0.0297136509591167	0.000391398759332343	35.1578947368421	14.3923712736016
'part1/blurjpeg/railwaystation_blur1_jpeg3.bmp'	0.167084986930353	0.427566316590967	0.326155817678373	0.0741655743277493	0.00502730447255844	35.5263157894737	18.1792568637158
'part1/blurjpeg/railwaystation_blur2.bmp'	0.0690663050664767	0.304885907863392	0.420483178622252	0.181175741923303	0.0243888665245762	45.5263157894737	18.5423491890939
'part1/blurjpeg/railwaystation_blur2_jpeg1.bmp'	0.100931032404579	0.324997780183233	0.382928833776243	0.165096451518798	0.0260459021171474	43.2631578947368	19.9467126371550
'part1/blurjpeg/railwaystation_blur2_jpeg2.bmp'	0.0953503435341188	0.259858981739743	0.346517891245608	0.226092446628714	0.0721803368518156	48.0526315789474	23.6560391260774
'part1/blurjpeg/railwaystation_blur2_jpeg3.bmp'	0.0289088807868457	0.226702211241167	0.463331410761602	0.246796638375099	0.0342608588352872	50.6315789473684	17.2472559051378
'part1/blurjpeg/railwaystation_blur3.bmp'	0.0327364337657166	0.157712232674442	0.339993560826239	0.327979955570521	0.141577817163082	59.1052631578947	22.3032004102105
'part1/blurjpeg/railwaystation_blur3_jpeg1.bmp'	0.0334358158981021	0.157572047954129	0.337128358166768	0.327461497258363	0.144402280722638	59.2631578947368	22.5063993498717
'part1/blurjpeg/railwaystation_blur3_jpeg2.bmp'	0.0565000995906882	0.196142942399523	0.337559229668354	0.287992459461503	0.121805268879931	55.4736842105263	23.8755300605560
'part1/blurjpeg/railwaystation_blur3_jpeg3.bmp'	0.0369172451309544	0.154147727203272	0.318504226836665	0.325659317664118	0.164771483164991	60.6315789473684	23.8448935281419
'part1/blurjpeg/railwaystation_jpeg1.bmp'	0.856210685479915	0.142591707401185	0.00119710047955277	0	0	8	11.5710366384732
'part1/blurjpeg/railwaystation_jpeg2.bmp'	0.737566232383281	0.250425004247167	0.0119289669383137	7.97216834123243e-05	0	9	14.2711830857384
'part1/blurjpeg/railwaystation_jpeg3.bmp'	0.574445783534101	0.358080570685738	0.0641257209435850	0.00329916136159194	4.87634749839729e-05	12.4210526315789	17.9081477095194
'part1/blurjpeg/sanfrancisco_blur1.bmp'	0.0702590759038706	0.337239787452093	0.431702381472992	0.147380269357537	0.0134184858135069	43.7368421052632	17.3968135820045
'part1/blurjpeg/sanfrancisco_blur1_jpeg1.bmp'	0.00322479764665549	0.155462687144037	0.625443825261430	0.209985296409243	0.00588339353863480	51.2105263157895	12.6911121453315
'part1/blurjpeg/sanfrancisco_blur1_jpeg2.bmp'	0.0171861879475022	0.156523890622277	0.419309836784452	0.330402105589173	0.0765779790565966	56.1052631578947	18.0797453793591
'part1/blurjpeg/sanfrancisco_blur1_jpeg3.bmp'	0.0116432947319159	0.153937439075793	0.464432813040722	0.319750922981423	0.0502355301701460	54.9473684210526	16.4535497156575
'part1/blurjpeg/sanfrancisco_blur2.bmp'	0.00817448950394550	0.0809001385538736	0.297555376755378	0.406739406997404	0.206630588189398	66.3157894736842	20.1026604971662
'part1/blurjpeg/sanfrancisco_blur2_jpeg1.bmp'	0.000456410835039651	0.0348049436064932	0.360523890882745	0.507265458853635	0.0969492958220873	63.4210526315789	14.1551552818269
'part1/blurjpeg/sanfrancisco_blur2_jpeg2.bmp'	0.00936913417513325	0.0822606617023138	0.287437170084707	0.399716106024128	0.221216928013718	67.1578947368421	20.8360349125546
'part1/blurjpeg/sanfrancisco_blur2_jpeg3.bmp'	0.000167313520840001	0.0225685262634049	0.334567042057749	0.545093379698927	0.0976037384590788	64.4210526315790	13.4590563870730
'part1/blurjpeg/sanfrancisco_blur3.bmp'	0.000984818007988764	0.0245306658906552	0.189162890543027	0.451581138672545	0.333740486885784	74.8421052631579	18.4699851347312
'part1/blurjpeg/sanfrancisco_blur3_jpeg1.bmp'	0.000987640844034870	0.0254652068250314	0.197048816490042	0.457592513800866	0.318905822040025	74	18.2300118851671
'part1/blurjpeg/sanfrancisco_blur3_jpeg2.bmp'	0.000957049029406032	0.0231382995790502	0.179140365591844	0.444140356224177	0.352623929575522	75.9473684210526	18.7423278650537
'part1/blurjpeg/sanfrancisco_blur3_jpeg3.bmp'	0.000114357223152498	0.00709941348946184	0.111308514020704	0.440738857633341	0.440738857633341	80	17.0489491367259
'part1/blurjpeg/sanfrancisco_jpeg1.bmp'	0.584964790339086	0.379176227439769	0.0353827484623243	0.000475314559365711	0	15.5263157894737	14.3657324562950
'part1/blurjpeg/sanfrancisco_jpeg2.bmp'	0.582315126909111	0.379186976523580	0.0379144067302519	0.000582117462991522	0	15.4210526315789	14.6109387844773
'part1/blurjpeg/sanfrancisco_jpeg3.bmp'	0.367991353649787	0.442778608139099	0.168267713012850	0.0201966853112741	0.000765639886990523	23.2105263157895	18.6296625703575
'part1/blurjpeg/scrimmage_blur1.bmp'	0.119337010231462	0.455176632731337	0.362901176571013	0.0604784156961547	0.00210676477003418	37.1052631578947	15.9857392587619
'part1/blurjpeg/scrimmage_blur1_jpeg1.bmp'	0.0629156457390822	0.378348151038360	0.448843308283851	0.105043231767501	0.00484966317120575	42.1052631578947	15.6981765991472
'part1/blurjpeg/scrimmage_blur1_jpeg2.bmp'	0.108455590959045	0.369677231630640	0.386141551570602	0.123601416314029	0.0121242095256844	40.7368421052632	18.3903419860146
'part1/blurjpeg/scrimmage_blur1_jpeg3.bmp'	0.0565956807915183	0.302667182979153	0.443333299706781	0.177860023101683	0.0195438134208645	45.8947368421053	17.5749023605383
'part1/blurjpeg/scrimmage_blur2.bmp'	0.00129308095580414	0.0627042561121190	0.436649203409979	0.436649203409979	0.0627042561121190	60	14.3565703115720
'part1/blurjpeg/scrimmage_blur2_jpeg1.bmp'	0.00333608331884242	0.0975004145606000	0.471607247670957	0.377536472748457	0.0500197817011433	57.5263157894737	14.9122187821212
'part1/blurjpeg/scrimmage_blur2_jpeg2.bmp'	0.00711853348231329	0.116317207252838	0.434188800992044	0.370249504236572	0.0721259540362328	57.8421052631579	16.4595907803010
'part1/blurjpeg/scrimmage_blur2_jpeg3.bmp'	0.00163936459151533	0.0518681073931496	0.341994864938280	0.469929925276061	0.134567737800994	64.0526315789474	15.9703672963068
'part1/blurjpeg/scrimmage_blur3.bmp'	0.000119271353824147	0.0110792041088530	0.182344858836796	0.531729833731224	0.274726831969303	72.3684210526316	15.2031083309952
'part1/blurjpeg/scrimmage_blur3_jpeg1.bmp'	0.00425442388554962	0.0559152133196490	0.260268649195211	0.429058365707994	0.250503347891596	69.6315789473684	19.6305049641164
'part1/blurjpeg/scrimmage_blur3_jpeg2.bmp'	0.00206927447973646	0.0454118595267199	0.275572766948377	0.462401394298598	0.214544704746569	68.0526315789474	17.6398339756943
'part1/blurjpeg/scrimmage_blur3_jpeg3.bmp'	3.44767886630250e-05	0.00617267926188631	0.156045759919328	0.557008202423769	0.280738881606354	73	14.2945210949277
'part1/blurjpeg/scrimmage_jpeg1.bmp'	0.789889608828085	0.206997816946674	0.00310989550143347	0	0	10.6315789473684	11.8284521684688
'part1/blurjpeg/scrimmage_jpeg2.bmp'	0.659771312280547	0.324533591306905	0.0156214789160735	7.35835780302138e-05	0	13.8947368421053	13.1186666702329
'part1/blurjpeg/scrimmage_jpeg3.bmp'	0.423692757960091	0.463513280249973	0.107459428030572	0.00527956412904615	5.49696303174859e-05	21.1578947368421	16.0563699989711
'part1/blurjpeg/seals_blur1.bmp'	0.182345337769835	0.491689829167345	0.288219822075133	0.0367275980237720	0.00101741296391460	33	16.1898459261079
'part1/blurjpeg/seals_blur1_jpeg1.bmp'	0.111577565644838	0.309962621729519	0.362660148254720	0.178709816712276	0.0370898476586486	43.6315789473684	21.5076485783179
'part1/blurjpeg/seals_blur1_jpeg2.bmp'	0.0722726516418936	0.323903552947825	0.423835023294954	0.161926294544530	0.0180624775707980	44.3684210526316	18.0253233175373
'part1/blurjpeg/seals_blur1_jpeg3.bmp'	0.00328049491170515	0.110341355126045	0.517379522876041	0.338183283476084	0.0308153436101247	55.6842105263158	14.2480120702229
'part1/blurjpeg/seals_blur2.bmp'	0.0374285097814912	0.212207063741521	0.412534581779756	0.274981899914572	0.0628479447826598	52.4210526315789	19.3313671111478
'part1/blurjpeg/seals_blur2_jpeg1.bmp'	0.0306322313752028	0.185157902444433	0.397841832939158	0.303866776186016	0.0825012570551907	54.7894736842105	19.6654772164839
'part1/blurjpeg/seals_blur2_jpeg2.bmp'	0.00874664592356718	0.139118118882146	0.468274399451387	0.333573623722062	0.0502872120208377	55.6315789473684	16.0492662563876
'part1/blurjpeg/seals_blur2_jpeg3.bmp'	0.0228030844021582	0.132941970943552	0.331207086343516	0.352619329862697	0.160428528448077	61.4736842105263	21.6906749576162
'part1/blurjpeg/seals_blur3.bmp'	0.00589032989360800	0.0678177459368574	0.281138006202947	0.419631660131665	0.225522257834923	67.8421052631579	19.7885015936437
'part1/blurjpeg/seals_blur3_jpeg1.bmp'	0.0118990851199356	0.106495840573788	0.339593479825712	0.385827930552040	0.156183663928524	62.4736842105263	19.6874704121192
'part1/blurjpeg/seals_blur3_jpeg2.bmp'	0.00777117044433846	0.0899195374954637	0.336382744595806	0.406841615640826	0.159084931823565	63.3684210526316	18.8214137097904
'part1/blurjpeg/seals_blur3_jpeg3.bmp'	0.00968536535579074	0.0804238305628258	0.277255830832431	0.396829371669861	0.235805601579092	68.1578947368421	21.3314143873791
'part1/blurjpeg/seals_jpeg1.bmp'	0.804006343740243	0.190107852132725	0.00586221712654858	2.35746367569879e-05	0	5.84210526315790	14.0129430563110
'part1/blurjpeg/seals_jpeg2.bmp'	0.592187875093935	0.375591846770671	0.0318583363852689	0.000361393488504350	0	15.4736842105263	14.1003089842135
'part1/blurjpeg/seals_jpeg3.bmp'	0.267203644143409	0.417423595660098	0.251605919951138	0.0585159093357426	0.00525093090961280	29.3684210526316	20.4944722257702
'part1/blurjpeg/sunrise_blur1.bmp'	0.277477145498954	0.619423431107781	0.101864279667897	0.00123404240891035	0	26.1578947368421	12.3839643531228
'part1/blurjpeg/sunrise_blur1_jpeg1.bmp'	0.145060574168833	0.485775147556911	0.324693298881723	0.0433175107537302	0.00115346863880374	35	15.7550697307953
'part1/blurjpeg/sunrise_blur1_jpeg2.bmp'	0.0768280595831027	0.361846282967037	0.426366809193401	0.125689119976264	0.00926972828019505	42.3684210526316	16.9908816274946
'part1/blurjpeg/sunrise_blur1_jpeg3.bmp'	0.0719903303504626	0.374080825195786	0.434538530384103	0.112839901312694	0.00655041275695379	42	16.3401346383682
'part1/blurjpeg/sunrise_blur2.bmp'	0.0146480835997636	0.309595050389729	0.578694606305080	0.0956636808230669	0.00139857888236014	45.1578947368421	12.8420453454647
'part1/blurjpeg/sunrise_blur2_jpeg1.bmp'	0.0365394139208942	0.259072759331232	0.466419245541462	0.213218906317665	0.0247496748887465	48.5789473684211	17.0825310038377
'part1/blurjpeg/sunrise_blur2_jpeg2.bmp'	0.0444356239899988	0.207938108593830	0.384739568690415	0.281468356061337	0.0814183426644202	53.2631578947368	20.7627928576929
'part1/blurjpeg/sunrise_blur2_jpeg3.bmp'	0.00106735860429344	0.0439874015711177	0.338437361867920	0.486138855759042	0.130369022197627	64.3157894736842	15.4382376353828
'part1/blurjpeg/sunrise_blur3.bmp'	0.00514154896001586	0.113536606525820	0.468377377526350	0.360972385041642	0.0519720819461723	56.8947368421053	15.4412677114935
'part1/blurjpeg/sunrise_blur3_jpeg1.bmp'	0.0145986913495408	0.109075137891088	0.322729619505893	0.378140411476525	0.175456139776954	63.4210526315789	20.7801074467163
'part1/blurjpeg/sunrise_blur3_jpeg2.bmp'	0.00961945357619830	0.110164666665729	0.376981689529776	0.385464332483875	0.117769857744422	60.3684210526316	18.1971014978753
'part1/blurjpeg/sunrise_blur3_jpeg3.bmp'	1.39987348317283e-05	0.00423475591660520	0.146814358602779	0.583323177792144	0.265613708953639	72.7368421052632	13.5885658848540
'part1/blurjpeg/sunrise_jpeg1.bmp'	0.738656433547519	0.250606249402443	0.0106801052865877	5.71733179522381e-05	0	9.57894736842105	13.8857072379147
'part1/blurjpeg/sunrise_jpeg2.bmp'	0.392525077090580	0.419441136017818	0.163553450463249	0.0232719876150939	0.00120834881325998	21.3157894736842	19.9194283484992
'part1/blurjpeg/sunrise_jpeg3.bmp'	0.371223280974041	0.446565522583409	0.163407077914019	0.0181883049257642	0.000615813602766691	23.1052631578947	18.3330143512920
'part1/blurjpeg/wheel_blur1.bmp'	0.438791933087990	0.408859279528299	0.135649839433235	0.0160248845664649	0.000674063384010924	18.6315789473684	19.6813801636521
'part1/blurjpeg/wheel_blur1_jpeg1.bmp'	0.168750355020462	0.473258845407169	0.309240604280252	0.0470801692399005	0.00167002605221627	34.1578947368421	16.5706003307556
'part1/blurjpeg/wheel_blur1_jpeg2.bmp'	0.169440177168017	0.375873966901266	0.327518103326334	0.112097411826827	0.0150703407775549	37.0526315789474	20.6894328481703
'part1/blurjpeg/wheel_blur1_jpeg3.bmp'	0.0514765379483483	0.239529515901189	0.404895458169287	0.248634239949956	0.0554642480312202	50.3684210526316	19.8751953905582
'part1/blurjpeg/wheel_blur2.bmp'	0.0537275874772849	0.345767921475924	0.463531166164264	0.129443444712612	0.00752988016991562	43.7368421052632	15.9681700936692
'part1/blurjpeg/wheel_blur2_jpeg1.bmp'	0.0146609474696457	0.293486192901047	0.577829869206550	0.111891984572466	0.00213100585029067	45.8421052631579	13.1329236733686
'part1/blurjpeg/wheel_blur2_jpeg2.bmp'	0.0548241503232642	0.269153304175724	0.424973934930030	0.215804076927877	0.0352445336431054	48.0526315789474	18.7778642857622
'part1/blurjpeg/wheel_blur2_jpeg3.bmp'	0.000430299085787352	0.0298468386551785	0.318056749187279	0.520702013432447	0.130964099639308	65.2631578947368	14.6129398717680
'part1/blurjpeg/wheel_blur3.bmp'	0.0335801641447967	0.176074575566508	0.370681931100278	0.313326490793569	0.106336838394848	56.3157894736842	20.9365513226641
'part1/blurjpeg/wheel_blur3_jpeg1.bmp'	0.00595258721576079	0.105439761478250	0.423448933339473	0.385563267900331	0.0795954500661860	58.7368421052632	16.4176128501042
'part1/blurjpeg/wheel_blur3_jpeg2.bmp'	0.0169342967569025	0.122924460270737	0.342642357197992	0.366754442494001	0.150744443280368	61.4210526315789	20.4431890028974
'part1/blurjpeg/wheel_blur3_jpeg3.bmp'	0.000623319501980009	0.0312457765831915	0.292225237353714	0.509905745886187	0.165999920674928	66.6315789473684	15.4352069644397
'part1/blurjpeg/wheel_jpeg1.bmp'	0.581921429163831	0.369000478240152	0.0478058524302741	0.00126539689034386	0	14.2631578947368	15.8704550983656
'part1/blurjpeg/wheel_jpeg2.bmp'	0.498430303555850	0.407425092389256	0.0888881740131870	0.00517598578500997	8.04442566968197e-05	16.9473684210526	17.4020231397595
'part1/blurjpeg/wheel_jpeg3.bmp'	0.316265437433444	0.511959098770446	0.161692157446595	0.00996352014399727	0.000119786205517110	25.8947368421053	15.6450018175565
'part2/blurnoise/babygirl_blur1.bmp'	0.336284231258685	0.493685734505439	0.158689343501371	0.0111685825727804	0.000172108161725122	25.0555555555556	16.2280520458438
'part2/blurnoise/babygirl_blur1_noise1.bmp'	0.280520460939140	0.448429350813515	0.230776296971593	0.0382345561958647	0.00203933507988707	28.2777777777778	18.7861198935170
'part2/blurnoise/babygirl_blur1_noise2.bmp'	0.0500357468550180	0.307143389276245	0.459891000267138	0.167966085952919	0.0149637776486804	45.7222222222222	16.8376523288644
'part2/blurnoise/babygirl_blur1_noise3.bmp'	0.0495606317196540	0.218585684135656	0.384995944460229	0.270794694828845	0.0760630448556150	52.3333333333333	20.8749779851944
'part2/blurnoise/babygirl_blur2.bmp'	0.150448792929699	0.394338715473374	0.344825958054451	0.100595906825178	0.00979062671729797	37.5555555555556	19.0887161686511
'part2/blurnoise/babygirl_blur2_noise1.bmp'	0.00676830731910658	0.241437346174161	0.629914667800379	0.120202053486023	0.00167762522033058	47.3333333333333	12.3669388480168
'part2/blurnoise/babygirl_blur2_noise2.bmp'	0.0318194730040339	0.212271493365637	0.433370103646618	0.270766418510273	0.0517725114734383	52.0555555555556	18.3798874163556
'part2/blurnoise/babygirl_blur2_noise3.bmp'	0.0221644836452401	0.148397924711359	0.369493326140368	0.342132185062314	0.117812080440719	58.4444444444444	20.1091791221651
'part2/blurnoise/babygirl_blur3.bmp'	0.0192004243332946	0.156198186415554	0.404319626196131	0.333010045695428	0.0872717173595937	56.6111111111111	18.6898490501218
'part2/blurnoise/babygirl_blur3_noise1.bmp'	0.0171846031460584	0.123306865672905	0.341841961068410	0.366145621599535	0.151520948513092	61.4444444444444	20.5088853691508
'part2/blurnoise/babygirl_blur3_noise2.bmp'	0.00602568789112644	0.0857947174116214	0.351749055931148	0.415263547948174	0.141166990817930	62.6666666666667	17.9246790109909
'part2/blurnoise/babygirl_blur3_noise3.bmp'	0.00441960472492143	0.0621703539970565	0.286547828958434	0.432737742915322	0.214124469404266	67.3888888888889	18.9337510310180
'part2/blurnoise/babygirl_noise1.bmp'	0.542550225850578	0.379800943454587	0.0736359774530249	0.00395404856486177	5.88046769485273e-05	14.4444444444444	17.6509363931650
'part2/blurnoise/babygirl_noise2.bmp'	0.134161518044451	0.441330077981158	0.352761027728602	0.0685139774610591	0.00323339878473019	36.8333333333333	16.8147344349427
'part2/blurnoise/babygirl_noise3.bmp'	0.0161723943099491	0.208247882785633	0.512633834186583	0.241242786978666	0.0217031017391682	50.8888888888889	15.5483643508547
'part2/blurnoise/bikerace_blur1.bmp'	0.196713578653271	0.555580628005033	0.233051953811051	0.0145194879586431	0.000134351572002006	30.8888888888889	14.4828047693438
'part2/blurnoise/bikerace_blur1_noise1.bmp'	0.0540357834379777	0.393138149436511	0.462276069925006	0.0878516904510883	0.00269830674941731	41.7777777777778	14.8147603484838
'part2/blurnoise/bikerace_blur1_noise2.bmp'	0.0149379823284760	0.252454959461014	0.561714839141819	0.164546220763298	0.00634599830539286	47.8888888888889	14.0456771197274
'part2/blurnoise/bikerace_blur1_noise3.bmp'	0.00552233110113482	0.125506543330212	0.493565450198252	0.335859463795562	0.0395462115748394	55.6111111111111	15.1002099279871
'part2/blurnoise/bikerace_blur2.bmp'	0.00612465813144824	0.169584888087632	0.574330465349373	0.237906313158966	0.0120536752725810	51.6111111111111	13.7974374811322
'part2/blurnoise/bikerace_blur2_noise1.bmp'	0.000317200175289525	0.0633131000596706	0.624552721944484	0.304480860667579	0.00733611715297709	55.2222222222222	11.5328459604606
'part2/blurnoise/bikerace_blur2_noise2.bmp'	0.00409686985397395	0.0967061657990947	0.441782360179884	0.390584303983098	0.0668303001839499	58.5000000000000	15.6063712479683
'part2/blurnoise/bikerace_blur2_noise3.bmp'	0.000430587051447977	0.0400739929031178	0.415928143809218	0.481424334376237	0.0621429418599784	61.3333333333333	13.5038120979400
'part2/blurnoise/bikerace_blur3.bmp'	6.15792297617435e-05	0.0154190002131759	0.324586793791557	0.574457821902114	0.0854748048633911	64.6111111111111	12.7100649736336
'part2/blurnoise/bikerace_blur3_noise1.bmp'	1.36129344370075e-05	0.00570045603332102	0.204221663121244	0.625933762297021	0.164130505613977	69.1111111111111	12.7551091903408
'part2/blurnoise/bikerace_blur3_noise2.bmp'	5.71010396849529e-05	0.00856597700385015	0.183573353507703	0.562007651517537	0.245795916931225	71.5000000000000	14.3373227462247
'part2/blurnoise/bikerace_blur3_noise3.bmp'	6.32998215229784e-05	0.00860606722835377	0.177232500872224	0.552864086594803	0.261234045483096	72.0555555555556	14.5580873914375
'part2/blurnoise/bikerace_noise1.bmp'	0.925173828156778	0.0746465279114032	0.000179631039246518	0	0	5.66666666666667	10.6715675015987
'part2/blurnoise/bikerace_noise2.bmp'	0.137807427759228	0.664616472682073	0.194137716933186	0.00343470211063244	0	31.2222222222222	11.9437680307030
'part2/blurnoise/bikerace_noise3.bmp'	0.0617252042059258	0.553798745880619	0.366518195756863	0.0178934157039895	6.44384526024328e-05	36.8333333333333	12.3871375414415
'part2/blurnoise/cows_blur1.bmp'	0.160829141803169	0.421706298863483	0.332781750468871	0.0790338223099304	0.00564898655454624	36.0555555555556	18.2514212894494
'part2/blurnoise/cows_blur1_noise1.bmp'	0.115990198236397	0.390946331676516	0.378953986027578	0.105640221243193	0.00846926281631547	39.5000000000000	17.9156520460544
'part2/blurnoise/cows_blur1_noise2.bmp'	0.0223251684285772	0.237731534064947	0.506146807848112	0.215458619112644	0.0183378705457197	49.3888888888889	15.7634681496356
'part2/blurnoise/cows_blur1_noise3.bmp'	0.00453837343454423	0.153762908079724	0.582824564955165	0.247149092783653	0.0117250607469130	52.1666666666667	13.5136096975909
'part2/blurnoise/cows_blur2.bmp'	0.00769275157509640	0.149975778438052	0.509533390691970	0.301672888543641	0.0311251907512409	54	15.1308022414738
'part2/blurnoise/cows_blur2_noise1.bmp'	0.0163268117318123	0.150973535362573	0.414182668302915	0.337112358909374	0.0814046256933262	56.6111111111111	18.1436713610426
'part2/blurnoise/cows_blur2_noise2.bmp'	0.00206778790866069	0.0554339022402333	0.336437484899009	0.462266870404138	0.143793954547959	64.2777777777778	16.4094863365696
'part2/blurnoise/cows_blur2_noise3.bmp'	0.00762947718984936	0.115142006517345	0.421675665918554	0.374739106608457	0.0808137437657943	58.3333333333333	16.8068613439659
'part2/blurnoise/cows_blur3.bmp'	0.00250065902843182	0.0425457510999318	0.239090752059134	0.443786643858214	0.272076193954289	71.1666666666667	19.0023218395573
'part2/blurnoise/cows_blur3_noise1.bmp'	0.000112072736950316	0.0121770829380277	0.207070807181554	0.551095437145395	0.229544599998073	70.5555555555556	14.6858163754821
'part2/blurnoise/cows_blur3_noise2.bmp'	0.000882374332073268	0.0277194626109139	0.226317738234894	0.480235465242843	0.264844959579275	71.1666666666667	17.2294208021184
'part2/blurnoise/cows_blur3_noise3.bmp'	9.89847086493429e-05	0.00679952309488600	0.112554506245721	0.448974226506603	0.431572759444141	79.4444444444444	16.7655887853741
'part2/blurnoise/cows_noise1.bmp'	0.901954387270572	0.0977430139848283	0.000302571989001986	0	0	7.50000000000000	10.6066017177982
'part2/blurnoise/cows_noise2.bmp'	0.173742048528378	0.621875246793814	0.198700746694930	0.00566752734114236	1.44306417360836e-05	30.5555555555556	12.8668393770792
'part2/blurnoise/cows_noise3.bmp'	0.118170242452717	0.492775738883077	0.346973487733803	0.0412523836369824	0.000828147293421088	36.0555555555556	14.9959689572672
'part2/blurnoise/elephant_blur1.bmp'	0.283882370910083	0.622780472059270	0.0924091047231383	0.000927422766599919	0	25.8333333333333	12.1860576069539
'part2/blurnoise/elephant_blur1_noise1.bmp'	0.135140374738859	0.765989805853783	0.0985817254102856	0.000288074883145780	0	29.1666666666667	10.2799061565870
'part2/blurnoise/elephant_blur1_noise2.bmp'	0.00555344222108314	0.288254075443501	0.644005604818366	0.0619305347866396	0.000256342730409798	45.1111111111111	11.2766749839131
'part2/blurnoise/elephant_blur1_noise3.bmp'	0.00591347235979491	0.281060580457587	0.642132834931759	0.0705208255952266	0.000372286655632382	45.4444444444444	11.4800195850531
'part2/blurnoise/elephant_blur2.bmp'	0.00958286971959624	0.220987398789792	0.585231592851856	0.177982106528042	0.00621603211071301	49	13.5949817731310
'part2/blurnoise/elephant_blur2_noise1.bmp'	0.00471744539758252	0.269114032539328	0.657166347974792	0.0686947897109360	0.000307384377361547	45.6666666666667	11.2668174952197
'part2/blurnoise/elephant_blur2_noise2.bmp'	0.00255645567245231	0.107933276304952	0.542260232599663	0.324186894410505	0.0230631410124282	55.1666666666667	13.7080912130713
'part2/blurnoise/elephant_blur2_noise3.bmp'	0.00170022541879701	0.0804946369478638	0.491483077279601	0.387018186295593	0.0393038740581452	57.6666666666667	13.9747671768462
'part2/blurnoise/elephant_blur3.bmp'	0.00601002816516344	0.103145195132525	0.414573462847652	0.390241991471686	0.0860293223829727	59.1666666666667	16.5999645641011
'part2/blurnoise/elephant_blur3_noise1.bmp'	0.00317196173669079	0.0945904961786454	0.467454196573718	0.382827051132620	0.0519562943783256	57.7777777777778	14.9176388115686
'part2/blurnoise/elephant_blur3_noise2.bmp'	0.00116466318535624	0.0373392221315283	0.278945579778624	0.485582470809099	0.196968064095393	67.6111111111111	16.5711971554079
'part2/blurnoise/elephant_blur3_noise3.bmp'	0.000231982641868609	0.0226149199148910	0.300284303634579	0.543085518040344	0.133783275768317	65.9444444444444	14.1648787799145
'part2/blurnoise/elephant_noise1.bmp'	0.934074342246394	0.0658344615568746	9.11937140759490e-05	0	0	6.50000000000000	10.0893070944966
'part2/blurnoise/elephant_noise2.bmp'	0.242210548140793	0.490875025859528	0.238396111584785	0.0277445537196502	0.000773760695243751	29.8888888888889	16.7328099285379
'part2/blurnoise/elephant_noise3.bmp'	0.190150991200568	0.470208244763773	0.292211981313721	0.0456375089151604	0.00179127380677639	33.1111111111111	17.0186364591322
'part2/blurnoise/iceroad_blur1.bmp'	0.305178258789075	0.457063515499892	0.207853807719913	0.0287010561492473	0.00120336184187312	26.7777777777778	18.3192459244869
'part2/blurnoise/iceroad_blur1_noise1.bmp'	0.281452961544525	0.467877971555527	0.220215593958817	0.0293462244533315	0.00110724848779970	28.0555555555556	17.8044020406793
'part2/blurnoise/iceroad_blur1_noise2.bmp'	0.0339922006197603	0.378471710836852	0.505157954351227	0.0808277703461505	0.00155036384600966	42.7222222222222	13.7319102632199
'part2/blurnoise/iceroad_blur1_noise3.bmp'	0.0197460882118812	0.313089850075324	0.554837806478033	0.109893560663796	0.00243269457096524	45.2222222222222	13.5105865051232
'part2/blurnoise/iceroad_blur2.bmp'	0.0487753495909268	0.240693488233048	0.413000594701178	0.246410607277109	0.0511199601977389	50.2222222222222	19.4590234793846
'part2/blurnoise/iceroad_blur2_noise1.bmp'	0.0428605231471335	0.263547148472547	0.450762939275324	0.214450522744156	0.0283788663608387	48.3888888888889	17.6806271145398
'part2/blurnoise/iceroad_blur2_noise2.bmp'	0.0509510413772964	0.225514570554328	0.390105922360292	0.263740529999831	0.0696879357082535	51.6666666666667	20.6340666346300
'part2/blurnoise/iceroad_blur2_noise3.bmp'	0.00283385504094725	0.113919754184733	0.547349851850068	0.314322542154044	0.0215739967702079	54.7777777777778	13.7222685294659
'part2/blurnoise/iceroad_blur3.bmp'	0.0130725718462207	0.117329857986232	0.359465548381942	0.375930205868148	0.134201815917457	60.8333333333333	19.2911134676962
'part2/blurnoise/iceroad_blur3_noise1.bmp'	0.0121818138041293	0.0992274673814940	0.314512477140345	0.387909016281691	0.186169225392341	64.4444444444444	20.5861810366372
'part2/blurnoise/iceroad_blur3_noise2.bmp'	0.00379866692006906	0.0629875988376905	0.307131037787540	0.440389725337749	0.185692971116952	65.8888888888889	18.0778996987023
'part2/blurnoise/iceroad_blur3_noise3.bmp'	0.0112411749835122	0.0914791459863361	0.298868210975969	0.391998653530278	0.206412814523904	65.9444444444444	20.9353970507655
'part2/blurnoise/iceroad_noise1.bmp'	0.880344685275991	0.118799827555901	0.000855158804872627	0	0	6.33333333333333	11.6820626704060
'part2/blurnoise/iceroad_noise2.bmp'	0.375412781031462	0.449637122717370	0.158126802971204	0.0163282275949809	0.000495065684983396	22.9444444444444	18.0667788144989
'part2/blurnoise/iceroad_noise3.bmp'	0.171380437515714	0.526247543959259	0.276993550333981	0.0249919401310924	0.000386528059953803	32.7222222222222	15.0599021774635
'part2/blurnoise/lakebuilding_blur1.bmp'	0.0565464997944382	0.650402915280917	0.288131160625286	0.00491619358382082	0	35	11.0825777421936
'part2/blurnoise/lakebuilding_blur1_noise1.bmp'	0.0256459358809707	0.318797358651306	0.532461571526687	0.119492106593872	0.00360302734716403	45.1111111111111	14.1166938676035
'part2/blurnoise/lakebuilding_blur1_noise2.bmp'	0.0140328244320145	0.180076569642742	0.489548519460200	0.281942592665612	0.0343994937994317	52.8888888888889	16.0546452463743
'part2/blurnoise/lakebuilding_blur1_noise3.bmp'	0.00273950975516267	0.0927021828529657	0.479532387806708	0.379189937742971	0.0458359818421928	57.5000000000000	14.5935118540841
'part2/blurnoise/lakebuilding_blur2.bmp'	0.00164997858161790	0.0659650612014984	0.423497603286472	0.436605566176820	0.0722817907535926	60.3333333333333	14.7887079338575
'part2/blurnoise/lakebuilding_blur2_noise1.bmp'	0.000816526001596724	0.0326058290293833	0.276663436887698	0.498815087857685	0.191099120223636	67.6111111111111	16.0702095190737
'part2/blurnoise/lakebuilding_blur2_noise2.bmp'	0.000149443472192376	0.0158309223079645	0.245172564580486	0.555103424567345	0.183743645072013	68.5000000000000	14.4232247352909
'part2/blurnoise/lakebuilding_blur2_noise3.bmp'	0.000180458610286709	0.0140779115212449	0.201507119804565	0.529217383390114	0.255017126673790	71.3888888888889	15.3589938736383
'part2/blurnoise/lakebuilding_blur3.bmp'	3.64546004363335e-05	0.00763741706459246	0.192688525875134	0.585437292398737	0.214200310061100	70.5000000000000	13.7466573477080
'part2/blurnoise/lakebuilding_blur3_noise1.bmp'	5.06409038046621e-05	0.00557015630675764	0.118507597522573	0.487683298572994	0.388188306693871	77.2222222222222	15.6037535286548
'part2/blurnoise/lakebuilding_blur3_noise2.bmp'	0	0.000630826414413116	0.0503173538393029	0.461701526705533	0.487349383258333	80.5000000000000	13.6003892677855
'part2/blurnoise/lakebuilding_blur3_noise3.bmp'	0	0.00147751266541268	0.0943699586204152	0.573148219579446	0.331002109455816	75.3333333333333	13.0384048104053
'part2/blurnoise/lakebuilding_noise1.bmp'	0.962234386617681	0.0377566956442408	0	0	0	7.33333333333333	8.84507174180329
'part2/blurnoise/lakebuilding_noise2.bmp'	0.126419499662362	0.518419359265741	0.323885990329162	0.0308281116614121	0.000447039081322887	35	14.5804058686347
'part2/blurnoise/lakebuilding_noise3.bmp'	0.115879104444080	0.405634167559749	0.378282690433448	0.0939833560176125	0.00622068154511037	38.9444444444444	17.3898963979670
'part2/blurnoise/lunch_blur1.bmp'	0.113096516941493	0.397340601415550	0.381911555530058	0.100426607678521	0.00722471843437855	39.3888888888889	17.5671447641157
'part2/blurnoise/lunch_blur1_noise1.bmp'	0.0957727317206110	0.444050049486173	0.392117760430096	0.0659470916093788	0.00211236675374149	38.5000000000000	15.5308043047661
'part2/blurnoise/lunch_blur1_noise2.bmp'	0.0669664003405586	0.322027837076336	0.432194292406702	0.161887677067390	0.0169237931090135	44.6111111111111	17.7039008293416
'part2/blurnoise/lunch_blur1_noise3.bmp'	0.0232610192387565	0.250606729771183	0.512512215545266	0.198958828850421	0.0146612065943735	48.6111111111111	15.5152254969827
'part2/blurnoise/lunch_blur2.bmp'	0.0176055581077774	0.139003380851548	0.377491427272314	0.352610294284877	0.113289339483484	58.7222222222222	19.3597689447672
'part2/blurnoise/lunch_blur2_noise1.bmp'	0.0416600198853694	0.208945666660647	0.394379743665065	0.280132287695006	0.0748822820939131	53	20.2310187001806
'part2/blurnoise/lunch_blur2_noise2.bmp'	0.000329310184565449	0.0373904215749332	0.424727448949053	0.482675287857138	0.0548775314343106	61.1111111111111	13.1814883069754
'part2/blurnoise/lunch_blur2_noise3.bmp'	0.00196948471642682	0.0528190441431287	0.326593157930734	0.465588504020302	0.153029809189409	64.8333333333333	16.5111370613542
'part2/blurnoise/lunch_blur3.bmp'	0.00454351295185161	0.0563276370925385	0.255675482827591	0.424907527482527	0.258545839645492	70.1111111111111	19.9525581107636
'part2/blurnoise/lunch_blur3_noise1.bmp'	9.79820582963581e-05	0.00973115440325699	0.170757443941822	0.529410320811204	0.290003098785421	73.0555555555556	15.1908340096420
'part2/blurnoise/lunch_blur3_noise2.bmp'	0.0322514186786063	0.133506826973400	0.291860374952386	0.336948718244680	0.205432661150927	64.5000000000000	25.0299820215677
'part2/blurnoise/lunch_blur3_noise3.bmp'	0.00484574655821428	0.0522826830290235	0.229903077066128	0.412022989093994	0.300945504252639	73	21.1103543036002
'part2/blurnoise/lunch_noise1.bmp'	0.978399845925977	0.0215949428268828	0	0	0	3.11111111111111	9.41143790282297
'part2/blurnoise/lunch_noise2.bmp'	0.364700461823290	0.502350443506825	0.127005287404030	0.00589360937969997	5.01978861549660e-05	23.7777777777778	15.3605895856344
'part2/blurnoise/lunch_noise3.bmp'	0.102136437244183	0.636345641639406	0.254939358854047	0.00656768251382490	1.08797485392142e-05	33.3333333333333	12.0733055077039
'part2/blurnoise/market_blur1.bmp'	0.412984286545376	0.513126914121162	0.0727115484016333	0.00117508511070376	0	22	13.5733302515502
'part2/blurnoise/market_blur1_noise1.bmp'	0.244721690621880	0.687256784592110	0.0677866691016541	0.000234827112998660	0	26.1666666666667	10.9289146977451
'part2/blurnoise/market_blur1_noise2.bmp'	0.0126919535984042	0.366476743903389	0.572280620389170	0.0483299485826221	0.000220733526414421	43.0555555555556	11.7095849236840
'part2/blurnoise/market_blur1_noise3.bmp'	0.000603782328602111	0.108223525002683	0.715284391363974	0.174321765666585	0.00156653563815493	51.4444444444444	11.0092058923015
'part2/blurnoise/market_blur2.bmp'	0.0194301077906248	0.301482368983083	0.554838966230972	0.121112875093483	0.00313568190183728	45.7222222222222	13.6975977093261
'part2/blurnoise/market_blur2_noise1.bmp'	0.0197853048320680	0.237313124332938	0.519799725424735	0.207914899168145	0.0151869462421134	49.2222222222222	15.3375953156080
'part2/blurnoise/market_blur2_noise2.bmp'	0.00483860584505334	0.171855209030149	0.604952883755034	0.211055560437844	0.00729774093191978	50.8888888888889	13.1546855391525
'part2/blurnoise/market_blur2_noise3.bmp'	0.0109808422662107	0.171307245994201	0.505592488712399	0.282299619808721	0.0298198032184686	53	15.4995256094387
'part2/blurnoise/market_blur3.bmp'	0.00590302340974114	0.101357742561796	0.410836891165548	0.393108124863889	0.0887942179990260	59.3888888888889	16.6455748894021
'part2/blurnoise/market_blur3_noise1.bmp'	0.00143941726076775	0.0550892745998036	0.377667849908453	0.463783818972417	0.102019639258559	62.3888888888889	15.2513794511644
'part2/blurnoise/market_blur3_noise2.bmp'	0.000549706912203063	0.0419329063678956	0.401622853159186	0.482971557999827	0.0729229755608890	61.7777777777778	13.8842083616627
'part2/blurnoise/market_blur3_noise3.bmp'	0.00298563052817808	0.0559716571067158	0.297890001900584	0.450089985197964	0.193062725266558	66.5555555555556	17.8233892011138
'part2/blurnoise/market_noise1.bmp'	0.641641296409781	0.321007442865889	0.0364095501494307	0.000936252393246909	0	10.6666666666667	16.4173509362718
'part2/blurnoise/market_noise2.bmp'	0.177618209501383	0.586670572943537	0.225563513719261	0.0100951116607820	5.25921750373286e-05	31.1111111111111	13.6377024496275
'part2/blurnoise/market_noise3.bmp'	0.121995639376381	0.454598873437885	0.360423851472239	0.0607994725487507	0.00218216316474391	37	16.0770205024219
'part2/blurnoise/palace2_blur1.bmp'	0.0253317899242213	0.317428429713348	0.533407258964838	0.120200197256465	0.00363232414112849	45.1666666666667	14.1098630501546
'part2/blurnoise/palace2_blur1_noise1.bmp'	0.109263984533426	0.304063981130335	0.362037239119907	0.184434360631246	0.0402004345850857	44.1111111111111	21.7062985949427
'part2/blurnoise/palace2_blur1_noise2.bmp'	0.000189839470853343	0.0266560849789133	0.374212967044917	0.525235315292486	0.0737057932128307	62.9444444444444	13.1796287648433
'part2/blurnoise/palace2_blur1_noise3.bmp'	0.00218295094849794	0.0624440022172591	0.369356322148059	0.451760647251474	0.114256077434711	62.5555555555556	15.9308144698632
'part2/blurnoise/palace2_blur2.bmp'	5.53446075501955e-05	0.0145297712622491	0.317872232928080	0.579504427072661	0.0880382241294598	64.8333333333333	12.6874185016218
'part2/blurnoise/palace2_blur2_noise1.bmp'	0.000413162723935361	0.0247297150755428	0.267472791386080	0.522760331073990	0.184623999740452	67.8333333333333	15.2903275846876
'part2/blurnoise/palace2_blur2_noise2.bmp'	3.38130736725446e-05	0.00723938000208564	0.187219420803926	0.584834819544117	0.220672566576198	70.7777777777778	13.7565195476676
'part2/blurnoise/palace2_blur2_noise3.bmp'	0.00228433070392387	0.0406255189696442	0.235687654303041	0.446038877003710	0.275363619019681	71.3888888888889	18.8964325574615
'part2/blurnoise/palace2_blur3.bmp'	0.000542414962355661	0.0171565729807266	0.161120540542044	0.449254840949200	0.371925630565673	76.8888888888889	18.1493441427082
'part2/blurnoise/palace2_blur3_noise1.bmp'	1.07719372121511e-05	0.00263852962482518	0.0952020390175495	0.505995482556256	0.396153176864157	77.4444444444444	14.4516321985655
'part2/blurnoise/palace2_blur3_noise2.bmp'	2.24876848778786e-05	0.00249248002555726	0.0644082089179951	0.388037192732162	0.545039630639408	84.6666666666667	16.5742535986675
'part2/blurnoise/palace2_blur3_noise3.bmp'	0.000294879547093209	0.0109854730193657	0.124036247745075	0.424457512798879	0.440225886889588	80.6111111111111	18.3050584101415
'part2/blurnoise/palace2_noise1.bmp'	0.792994540076314	0.204945495152883	0.00205916044458897	0	0	11.6666666666667	11.0984895633701
'part2/blurnoise/palace2_noise2.bmp'	0.0452591103796324	0.335829285052450	0.479869933519722	0.132044689003355	0.00699698204484060	44.3333333333333	15.5827959433397
'part2/blurnoise/palace2_noise3.bmp'	0.0429441305266541	0.248969778359290	0.437482179356291	0.232994149980011	0.0376097617777545	49.4444444444444	18.3053262008701
'part2/blurnoise/railwaystation_blur1.bmp'	0.327866564024603	0.456109509614845	0.191024207155592	0.0240854611272296	0.000914258077730510	25.5000000000000	18.2539278609548
'part2/blurnoise/railwaystation_blur1_noise1.bmp'	0.282278406289948	0.456243624522324	0.225714338064997	0.0341794188024271	0.00158421232030395	28.1111111111111	18.3812208801742
'part2/blurnoise/railwaystation_blur1_noise2.bmp'	0.143830121723482	0.401582712022070	0.350654351278499	0.0957552336482660	0.00817758132768328	37.6666666666667	18.5504082720253
'part2/blurnoise/railwaystation_blur1_noise3.bmp'	0.0976016649907014	0.299288782550150	0.373723175007736	0.190036050894239	0.0393503265571745	44.9444444444444	21.1005219400798
'part2/blurnoise/railwaystation_blur2.bmp'	0.0851795944638714	0.303142455480627	0.393395925343706	0.186159347374141	0.0321226773376551	45.1666666666667	19.9123077517399
'part2/blurnoise/railwaystation_blur2_noise1.bmp'	0.0539235902021479	0.297620674909129	0.446378675282264	0.181928117214222	0.0201489423922381	46.2222222222222	17.5216019800620
'part2/blurnoise/railwaystation_blur2_noise2.bmp'	0.0464900636523623	0.245572357880255	0.424153586720120	0.239547218164337	0.0442367735829260	49.7777777777778	18.9163967329795
'part2/blurnoise/railwaystation_blur2_noise3.bmp'	0.0229256744235489	0.161100011648138	0.391463567115042	0.328934519818616	0.0955762269946556	56.7222222222222	19.4083231252972
'part2/blurnoise/railwaystation_blur3.bmp'	0.0160491425960112	0.159738289159062	0.434766006258587	0.323587315606729	0.0658592463796107	55.4444444444444	17.5640750404382
'part2/blurnoise/railwaystation_blur3_noise1.bmp'	0.0313936028570746	0.148178641374438	0.326048320587692	0.334449258349641	0.159930176831155	60.6666666666667	22.8936158581126
'part2/blurnoise/railwaystation_blur3_noise2.bmp'	0.0241934909019909	0.118968936284653	0.290723450752550	0.353051447706668	0.213062674354137	65.5555555555556	23.9170680433629
'part2/blurnoise/railwaystation_blur3_noise3.bmp'	0.00348394888375844	0.0533459887701481	0.267514154557995	0.439346089438915	0.236309818349184	68.8888888888889	18.9298671226463
'part2/blurnoise/railwaystation_noise1.bmp'	0.914098383157057	0.0852139629671922	0.000687174486890225	0	0	0.611111111111111	12.7839002098406
'part2/blurnoise/railwaystation_noise2.bmp'	0.426904007978634	0.429747905226068	0.130936516099789	0.0120745587952989	0.000337011900210695	20.1111111111111	18.2946115142551
'part2/blurnoise/railwaystation_noise3.bmp'	0.320744538831782	0.506867325514294	0.161816001567818	0.0104361612243131	0.000135972861792511	25.7222222222222	15.8143849466816
'part2/blurnoise/sanfrancisco_blur1.bmp'	0.209199818015110	0.393098193512303	0.296744945365721	0.0899928795971460	0.0109641635097197	33.8333333333333	20.9432004970306
'part2/blurnoise/sanfrancisco_blur1_noise1.bmp'	0.0893619625955284	0.505419644670468	0.369790288462796	0.0349995812494285	0.000428523021779012	36.9444444444444	13.9851695492140
'part2/blurnoise/sanfrancisco_blur1_noise2.bmp'	0.00709172346706027	0.144805658193760	0.508693264773427	0.307441973346498	0.0319673802192550	54.2777777777778	15.0755179622481
'part2/blurnoise/sanfrancisco_blur1_noise3.bmp'	0.0123490000839165	0.137932518098260	0.420471518061578	0.349817512958979	0.0794294507972676	57.1666666666667	17.5507667001959
'part2/blurnoise/sanfrancisco_blur2.bmp'	0.0448283799921437	0.204123503747333	0.378254616845123	0.285250697072907	0.0875428023424936	53.7222222222222	21.0930865606149
'part2/blurnoise/sanfrancisco_blur2_noise1.bmp'	0.00387749203109052	0.0835171822091528	0.397480992864396	0.417996371861150	0.0971279610342104	60.6666666666667	16.2770137454813
'part2/blurnoise/sanfrancisco_blur2_noise2.bmp'	0.00356779249287408	0.0756720270241343	0.374068187844797	0.430968781519868	0.115723211118327	61.9444444444444	16.5723803616039
'part2/blurnoise/sanfrancisco_blur2_noise3.bmp'	0.00109535551142012	0.0431182617458510	0.329088747634074	0.486979257286646	0.139718377822009	64.7777777777778	15.6150589291068
'part2/blurnoise/sanfrancisco_blur3.bmp'	0.00230978393336759	0.0424716880752989	0.246191417949824	0.449874644908085	0.259152465133425	70.4444444444444	18.6144226885000
'part2/blurnoise/sanfrancisco_blur3_noise1.bmp'	0.00314679130456490	0.0407973870243080	0.208135428163066	0.417838956599956	0.330081436908105	74.9444444444444	20.7093960551079
'part2/blurnoise/sanfrancisco_blur3_noise2.bmp'	9.98206110665610e-05	0.00604953117582980	0.0975489798419032	0.418526789930824	0.477774878440376	82	17.3815317811413
'part2/blurnoise/sanfrancisco_blur3_noise3.bmp'	0.00194049938317850	0.0301390084814098	0.180471463907042	0.416631642051167	0.370817386177203	77.5555555555556	20.4859269405702
'part2/blurnoise/sanfrancisco_noise1.bmp'	0.999052866133653	0.000947133791004222	0	0	0	5.16666666666667	6.52821928697432
'part2/blurnoise/sanfrancisco_noise2.bmp'	0.280541993022236	0.512086385765749	0.192283346349313	0.0148522825673170	0.000235992295384950	27.6111111111111	15.9046382021054
'part2/blurnoise/sanfrancisco_noise3.bmp'	0.0301846432781040	0.476232872769588	0.465320153938516	0.0281568149752962	0.000105515038495792	39.8333333333333	11.9914185002050
'part2/blurnoise/scrimmage_blur1.bmp'	0.222217721777359	0.485402284187251	0.257972885488619	0.0333576484862460	0.00104946006052630	31.0555555555556	16.8225067105394
'part2/blurnoise/scrimmage_blur1_noise1.bmp'	0.0661322812918525	0.760468803257069	0.172625307180150	0.000773539845727951	0	32.4444444444444	10.0949738351333
'part2/blurnoise/scrimmage_blur1_noise2.bmp'	0.00730239374228658	0.405074469978493	0.567523000147335	0.0200821880698782	1.79480620070056e-05	41.8333333333333	10.4276216903783
'part2/blurnoise/scrimmage_blur1_noise3.bmp'	0.00731941024793892	0.160615923617170	0.537103467346609	0.273705900216657	0.0212552985716258	52.8333333333333	14.5814144395811
'part2/blurnoise/scrimmage_blur2.bmp'	0.00182205676605496	0.193182095240306	0.712984786957483	0.0916013927799702	0.000409668256185841	47.7777777777778	10.9144025492253
'part2/blurnoise/scrimmage_blur2_noise1.bmp'	0.000152175940364622	0.0415367171788805	0.564171738293772	0.381314628052241	0.0128247405347423	57.3888888888889	11.5460147893695
'part2/blurnoise/scrimmage_blur2_noise2.bmp'	0.00469732926984361	0.102074100916106	0.442948584564189	0.383852407637598	0.0664275776122626	58.2222222222222	15.7575586178434
'part2/blurnoise/scrimmage_blur2_noise3.bmp'	0.000984648487789343	0.0513325323661766	0.400119977966700	0.466309064747448	0.0812537764318859	61.6111111111111	14.5081676342871
'part2/blurnoise/scrimmage_blur3.bmp'	6.04897377033020e-05	0.0106382934462422	0.226265247088070	0.581995151658603	0.181040818069382	68.9444444444444	13.7604386994970
'part2/blurnoise/scrimmage_blur3_noise1.bmp'	0.000504063771755240	0.0301901947442461	0.304465307427027	0.517012665677480	0.147827768379491	65.9444444444444	14.9841964679742
'part2/blurnoise/scrimmage_blur3_noise2.bmp'	2.19241288258686e-05	0.00696722711210370	0.211384690734640	0.612298274173352	0.169327883851078	69.0555555555556	13.0495536196915
'part2/blurnoise/scrimmage_blur3_noise3.bmp'	0.000365425610175719	0.0150931765576876	0.163964172775951	0.468493867575646	0.352083357480540	75.7222222222222	17.3062571328324
'part2/blurnoise/scrimmage_noise1.bmp'	0.988984130862713	0.0110157249016801	0	0	0	6.66666666666667	7.70026737503698
'part2/blurnoise/scrimmage_noise2.bmp'	0.328425215514461	0.520455883533540	0.144090660265307	0.00696934912244915	5.88915642433337e-05	25.2777777777778	15.1417053805067
'part2/blurnoise/scrimmage_noise3.bmp'	0.0948265833497446	0.535074714050752	0.344564341942980	0.0253219888442576	0.000212371812265688	35.9444444444444	13.5753765941576
'part2/blurnoise/seals_blur1.bmp'	0.274867065730762	0.563470760045522	0.155820197886530	0.00581272541559396	2.92509215928087e-05	27.1666666666667	14.1306925020763
'part2/blurnoise/seals_blur1_noise1.bmp'	0.211951600394335	0.453907754436715	0.281158574988472	0.0503718491523852	0.00261022102809290	32.2777777777778	17.9568291303977
'part2/blurnoise/seals_blur1_noise2.bmp'	0.106587513678168	0.322096592826243	0.374658756660099	0.167747324415027	0.0289098124204636	43.1666666666667	20.4687710484849
'part2/blurnoise/seals_blur1_noise3.bmp'	0.0244448287369673	0.210642435999780	0.464636729487742	0.262355399291915	0.0379206064835957	51.6111111111111	17.1331769276450
'part2/blurnoise/seals_blur2.bmp'	0.00247415672069450	0.160408826451322	0.661063682928550	0.173169864692586	0.00288346920684703	50.2777777777778	12.0479705664996
'part2/blurnoise/seals_blur2_noise1.bmp'	0.00999453233354203	0.158604384250265	0.493747147621828	0.301530127852900	0.0361238079414641	53.9444444444444	15.6711507975726
'part2/blurnoise/seals_blur2_noise2.bmp'	0.0110720848581034	0.164007893430406	0.491155301746169	0.297366241325568	0.0363984786397538	53.7222222222222	15.8181041310472
'part2/blurnoise/seals_blur2_noise3.bmp'	0.00223966395720287	0.0854265971034051	0.476695822751219	0.389159448164811	0.0464784680233620	57.8888888888889	14.4258301377563
'part2/blurnoise/seals_blur3.bmp'	0.00322291831116373	0.0543717561729514	0.281071999503261	0.445227483895619	0.216105842117005	67.7777777777778	18.3897527589674
'part2/blurnoise/seals_blur3_noise1.bmp'	0.00219529499311619	0.0522762655568417	0.311075405855704	0.462568707602223	0.171884325992115	65.7222222222222	16.9837484795996
'part2/blurnoise/seals_blur3_noise2.bmp'	0.0100924787045222	0.102011685165986	0.345671221273124	0.392679064904673	0.149545549951694	62.3333333333333	19.1311264697090
'part2/blurnoise/seals_blur3_noise3.bmp'	0.00121131279711472	0.0451383664951665	0.332197780492301	0.482846368725768	0.138606171489650	64.6111111111111	15.7036484666271
'part2/blurnoise/seals_noise1.bmp'	0.949804128233176	0.0501660261935931	2.98453732280153e-05	0	0	6.88888888888889	9.44263727423703
'part2/blurnoise/seals_noise2.bmp'	0.352074084827632	0.458995929833220	0.170380106111482	0.0180079472125951	0.000541932015070496	24.2222222222222	17.8442792136190
'part2/blurnoise/seals_noise3.bmp'	0.138658438205048	0.429148291719053	0.351576742567512	0.0762402925035654	0.00437623500482229	37	17.3476562241298
'part2/blurnoise/sunrise_blur1.bmp'	0.508439415005695	0.418711185413588	0.0704143184628339	0.00241812341546349	1.69577024196794e-05	17.5555555555556	15.8679188828656
'part2/blurnoise/sunrise_blur1_noise1.bmp'	0.383338472780691	0.544475455076873	0.0713234355418765	0.000861676505360614	0	22.9444444444444	12.9545459757534
'part2/blurnoise/sunrise_blur1_noise2.bmp'	0.128355404205503	0.546185979935335	0.303276809314838	0.0219740506730457	0.000207755871278251	34.2222222222222	14.0149313467314
'part2/blurnoise/sunrise_blur1_noise3.bmp'	0.0475902585780454	0.378235849261448	0.476200524556020	0.0949728795743792	0.00300048803010766	42.5000000000000	14.7339144593050
'part2/blurnoise/sunrise_blur2.bmp'	0.253730516729575	0.441270542636311	0.253730516729575	0.0482365241258432	0.00303189977869455	30	19.0108328251521
'part2/blurnoise/sunrise_blur2_noise1.bmp'	0.0842157066039252	0.404997016923500	0.415559404230375	0.0909781222115693	0.00424975003062965	40.3333333333333	16.0916492775162
'part2/blurnoise/sunrise_blur2_noise2.bmp'	0.0313748538719199	0.333887619854778	0.515509159828629	0.115475518882296	0.00375284756237739	44.5000000000000	14.3946476981183
'part2/blurnoise/sunrise_blur2_noise3.bmp'	0.0371977226237676	0.298503193333989	0.489282985825065	0.163813522524691	0.0112025756924878	46.2222222222222	15.8691545256664
'part2/blurnoise/sunrise_blur3.bmp'	0.0165162332225443	0.165452173394857	0.442332680524493	0.315602662987902	0.0600962498702047	54.8888888888889	17.4014498682248
'part2/blurnoise/sunrise_blur3_noise1.bmp'	0.0368979291345451	0.191847583026692	0.384766354622821	0.297662594023583	0.0888255391923586	54.6111111111111	20.4914297405149
'part2/blurnoise/sunrise_blur3_noise2.bmp'	0.00588312145462444	0.0943878146029101	0.386767135349002	0.404770369515434	0.108191559078030	60.6666666666667	17.1189609360326
'part2/blurnoise/sunrise_blur3_noise3.bmp'	0.00483250877615800	0.0838743128471559	0.371303076948954	0.419248358123491	0.120741743304241	61.7777777777778	17.1105593663698
'part2/blurnoise/sunrise_noise1.bmp'	0.850089041926294	0.147717384921202	0.00219079967589154	0	0	5.77777777777778	12.7489586912978
'part2/blurnoise/sunrise_noise2.bmp'	0.295815530901151	0.515135235906346	0.176908025843215	0.0119811859462124	0.000160021403074732	26.8333333333333	15.6965713753411
'part2/blurnoise/sunrise_noise3.bmp'	0.258991802588422	0.494581194877549	0.222317917180018	0.0235232115910244	0.000585873762987195	28.9444444444444	16.6290752536288
'part2/blurnoise/wheel_blur1.bmp'	0.574840597284131	0.358119001049601	0.0637504990000540	0.00324276968482246	4.71329813915778e-05	12.4444444444444	17.8695344493892
'part2/blurnoise/wheel_blur1_noise1.bmp'	0.379862526767090	0.465563375076136	0.143285405855680	0.0110737803119436	0.000214911989150223	22.9444444444444	17.0137391616728
'part2/blurnoise/wheel_blur1_noise2.bmp'	0.131764964860494	0.457662881218830	0.349645298248907	0.0587551524077336	0.00217170326403514	36.4444444444444	16.2525010644415
'part2/blurnoise/wheel_blur1_noise3.bmp'	0.0129964482335937	0.338140689439362	0.582071353212987	0.0662919902097558	0.000499518904301430	44	12.1364787993495
'part2/blurnoise/wheel_blur2.bmp'	0.0617456251634682	0.558554144141364	0.362732598501711	0.0169110322663657	5.65999270914824e-05	36.7222222222222	12.3231277330142
'part2/blurnoise/wheel_blur2_noise1.bmp'	0.0283751402814010	0.347145138740404	0.524409386895168	0.0978174020521578	0.00225293203086990	43.9444444444444	13.8286668245276
'part2/blurnoise/wheel_blur2_noise2.bmp'	0.0223904164747894	0.206983120622394	0.470815913665270	0.263518300882545	0.0362922483550023	51.7222222222222	16.8899745953055
'part2/blurnoise/wheel_blur2_noise3.bmp'	0.0102527769127623	0.150486803374032	0.473555746240374	0.319491706524350	0.0462129669484819	54.8888888888889	16.1168121533673
'part2/blurnoise/wheel_blur3.bmp'	0.0841260034212338	0.245064930350451	0.348140540737819	0.241185145382816	0.0814833801076813	49.7777777777778	23.6009859105020
'part2/blurnoise/wheel_blur3_noise1.bmp'	0.0108654726943420	0.118118008468631	0.384913368084756	0.376001225407119	0.110101925345153	59.6111111111111	18.2213155361868
'part2/blurnoise/wheel_blur3_noise2.bmp'	0.0102504864020744	0.127036786219351	0.416933421262841	0.362373229857008	0.0834060762587258	57.8888888888889	17.3506700629684
'part2/blurnoise/wheel_blur3_noise3.bmp'	0.0358690820858286	0.163880933602445	0.340465408310426	0.321628078189714	0.138156497811586	58.5555555555556	22.5289936649544
'part2/blurnoise/wheel_noise1.bmp'	0.787829100075437	0.207669496104174	0.00449342187433634	0	0	9.33333333333333	12.6491106406735
'part2/blurnoise/wheel_noise2.bmp'	0.291744173062994	0.485378312216764	0.201473560935811	0.0208648504608363	0.000539103323595000	27.3333333333333	16.9740286042773
'part2/blurnoise/wheel_noise3.bmp'	0.205999379608971	0.459152261511878	0.283858719007237	0.0486746060153583	0.00231503385655638	32.5000000000000	17.6610238861138