'VCLFER/vcl_fer/IMG_01_AWGN_1.bmp'	0.000377425645238448	0.0188570750441798	0.207622854051051	0.503771840652035	0.269370804607495	71.7215000000000	16.2626629886559
'VCLFER/vcl_fer/IMG_01_AWGN_2.bmp'	0.00496724578078409	0.0809926439936341	0.356217068789838	0.422593775981669	0.135229265454075	62.6081000000000	17.4720081901439
'VCLFER/vcl_fer/IMG_01_AWGN_3.bmp'	0.127648054385740	0.413742907238873	0.365133303370730	0.0877358025445609	0.00573993246009576	38.0786000000000	17.5347535184848
'VCLFER/vcl_fer/IMG_01_AWGN_4.bmp'	0.342156048184110	0.505836440793922	0.144026091913784	0.00789800513297588	8.34139752083498e-05	24.7469000000000	15.5833704514414
'VCLFER/vcl_fer/IMG_01_AWGN_5.bmp'	0.767462889740292	0.228953551185683	0.00358062338648807	0	0	11.7951000000000	11.6475870602068
'VCLFER/vcl_fer/IMG_01_AWGN_6.bmp'	0.971199924380138	0.0287951545534610	0	0	0	6.35280000000000	8.80782719821773
'VCLFER/vcl_fer/IMG_02_AWGN_1.bmp'	0.00489924471312147	0.0803763135945995	0.355362390238414	0.423408203970571	0.135953847483294	62.6723000000000	17.4659506119015
'VCLFER/vcl_fer/IMG_02_AWGN_2.bmp'	0.0223649342478597	0.182751700231645	0.434323284142265	0.300208293022108	0.0603517883561221	54.0191000000000	17.9970449604588
'VCLFER/vcl_fer/IMG_02_AWGN_3.bmp'	0.157681171142521	0.445471809454555	0.329684261034147	0.0639166202814643	0.00324613808731184	35.5060000000000	17.2802223627360
'VCLFER/vcl_fer/IMG_02_AWGN_4.bmp'	0.702554101768306	0.289086456559384	0.00834255456183564	1.68847137859502e-05	0	13.3167000000000	12.2688772650452
'VCLFER/vcl_fer/IMG_02_AWGN_5.bmp'	0.876373121068580	0.123177897337334	0.000448939165922655	0	0	9.25530000000000	10.4651312756728
'VCLFER/vcl_fer/IMG_02_AWGN_6.bmp'	0.997620245191729	0.00237975207658487	0	0	0	4.19110000000000	7.23611956610834
'VCLFER/vcl_fer/IMG_03_AWGN_1.bmp'	2.07165352756201e-05	0.00351643634434575	0.101022402180740	0.491204025589122	0.404236419350517	77.8061000000000	15.0059132572402
'VCLFER/vcl_fer/IMG_03_AWGN_2.bmp'	0.00337806972015259	0.0653553466976390	0.332172025281930	0.443521220300955	0.155573337999323	64.3254000000000	17.2985459532047
'VCLFER/vcl_fer/IMG_03_AWGN_3.bmp'	0.104904233112892	0.383217129797722	0.391292685272500	0.111676928291271	0.00890902352561600	40.3272000000000	17.7143833366241
'VCLFER/vcl_fer/IMG_03_AWGN_4.bmp'	0.244297606011614	0.497289971290802	0.232746616970498	0.0250461074510812	0.000619698276004862	29.6705000000000	16.4956712636801
'VCLFER/vcl_fer/IMG_03_AWGN_5.bmp'	0.529300385554446	0.427225910097741	0.0429356099415639	0.000537257355512734	0	17.9433000000000	13.8562904580679
'VCLFER/vcl_fer/IMG_03_AWGN_6.bmp'	0.995473524875462	0.00452645637214023	0	0	0	4.59250000000000	7.55883101180335
'VCLFER/vcl_fer/IMG_04_AWGN_1.bmp'	0	0.000128243387567072	0.0219441509556199	0.368860501303855	0.609067030730426	84.3226000000000	13.1294885830674
'VCLFER/vcl_fer/IMG_04_AWGN_2.bmp'	0.000934579425449586	0.0316558069299317	0.255110749488801	0.489150302515667	0.223148561640151	69.0677000000000	16.6910016265946
'VCLFER/vcl_fer/IMG_04_AWGN_3.bmp'	0.0578096262352509	0.294179666963560	0.436057091670637	0.188274831341902	0.0236787837886507	46.3818000000000	18.0081338619609
'VCLFER/vcl_fer/IMG_04_AWGN_4.bmp'	0.230165311260948	0.492137138663189	0.247578112085227	0.0293034120320141	0.000816025958622050	30.5040000000000	16.6263567961716
'VCLFER/vcl_fer/IMG_04_AWGN_5.bmp'	0.527142177522291	0.428644621427845	0.0436554451239575	0.000556866243926947	0	18.0087000000000	13.8759863379157
'VCLFER/vcl_fer/IMG_04_AWGN_6.bmp'	0.718044918347018	0.275015659318073	0.00692794239875019	1.14786852636081e-05	0	12.9474000000000	12.1233027783066
'VCLFER/vcl_fer/IMG_05_AWGN_1.bmp'	0.000283453603102713	0.0159982740415370	0.194077109490280	0.506040798928301	0.283600363936780	72.4672000000000	16.1300133326189
'VCLFER/vcl_fer/IMG_05_AWGN_2.bmp'	0.0800491926233121	0.341548439328786	0.417511601702385	0.146219631306075	0.0146711350394427	43.2131000000000	17.8883625210933
'VCLFER/vcl_fer/IMG_05_AWGN_3.bmp'	0.289150807623203	0.506664469483102	0.188937491373148	0.0149939995712373	0.000253231949308960	27.2499000000000	16.0782230572503
'VCLFER/vcl_fer/IMG_05_AWGN_4.bmp'	0.405672429454531	0.490712330091781	0.100146892291759	0.00344831564233739	2.00325195919107e-05	22.1389000000000	14.9926044276975
'VCLFER/vcl_fer/IMG_05_AWGN_5.bmp'	0.676445055623546	0.312322756959007	0.0112009781589091	3.12025069765490e-05	0	13.9511000000000	12.5116815762797
'VCLFER/vcl_fer/IMG_05_AWGN_6.bmp'	0.905800256208548	0.0940103083667902	0.000189428014307361	0	0	8.50550000000000	10.0736350765451
'VCLFER/vcl_fer/IMG_06_AWGN_1.bmp'	0	0.000116844555858792	0.0209992673193844	0.365049462758484	0.613834362478715	84.4497000000000	13.0860096804283
'VCLFER/vcl_fer/IMG_06_AWGN_2.bmp'	0.00364458395567390	0.0681849022491333	0.336917143088601	0.439696107051925	0.151557263654666	63.9996000000000	17.3332934106342
'VCLFER/vcl_fer/IMG_06_AWGN_3.bmp'	0.0989907750440881	0.374179033678487	0.397839448376563	0.118981628679655	0.0100091142212069	40.9668000000000	17.7583650494043
'VCLFER/vcl_fer/IMG_06_AWGN_4.bmp'	0.385793086804315	0.496932355907729	0.112738065728338	0.00450478795832525	3.17036012931136e-05	22.9156000000000	15.1770603238524
'VCLFER/vcl_fer/IMG_06_AWGN_5.bmp'	0.752084144955605	0.243459568794913	0.00445168807546735	0	0	12.1504000000000	11.7978800846227
'VCLFER/vcl_fer/IMG_06_AWGN_6.bmp'	0.936559239465394	0.0633855777657789	5.51821508677289e-05	0	0	7.62810000000000	9.58554748498259
'VCLFER/vcl_fer/IMG_07_AWGN_1.bmp'	0.000143047105553093	0.0107885501289584	0.164566348862633	0.507706734859914	0.316795319042942	74.0979000000000	15.8201003319491
'VCLFER/vcl_fer/IMG_07_AWGN_2.bmp'	0.0469874117980550	0.266280505767736	0.441732708877789	0.214507301568676	0.0304920719877447	48.2401000000000	18.0442821652593
'VCLFER/vcl_fer/IMG_07_AWGN_3.bmp'	0.232648272355480	0.493124808308742	0.244938904037336	0.0285103525367049	0.000777662761736313	30.3548000000000	16.6034400547472
'VCLFER/vcl_fer/IMG_07_AWGN_4.bmp'	0.452049863899975	0.471531807370583	0.0746202740923935	0.00179152916220860	0	20.4475000000000	14.5641727051350
'VCLFER/vcl_fer/IMG_07_AWGN_5.bmp'	0.791883084538948	0.205651350033227	0.00246420302069941	0	0	11.2341000000000	11.4033123097447
'VCLFER/vcl_fer/IMG_07_AWGN_6.bmp'	0.968925348846446	0.0310684522492068	0	0	0	6.45560000000000	8.87393000956487
'VCLFER/vcl_fer/IMG_08_AWGN_1.bmp'	0.000101653367249429	0.00885572359019240	0.151286261927247	0.506813398641255	0.332942962474056	74.8418000000000	15.6693395026052
'VCLFER/vcl_fer/IMG_08_AWGN_2.bmp'	0.0291574540929556	0.209651058361005	0.440988419934830	0.271356343824249	0.0488467237869600	52.0989000000000	18.0395548251673
'VCLFER/vcl_fer/IMG_08_AWGN_3.bmp'	0.213053295893885	0.484330446857281	0.266133640999562	0.0353477903092144	0.00113482594005767	31.5666000000000	16.7836632855577
'VCLFER/vcl_fer/IMG_08_AWGN_4.bmp'	0.400916516957308	0.492315922143934	0.103066629066257	0.00367854878453731	2.23830479638457e-05	22.3217000000000	15.0366913537501
'VCLFER/vcl_fer/IMG_08_AWGN_5.bmp'	0.412512538695813	0.488282274387477	0.0960483849232577	0.00313974571843594	1.70562750158163e-05	21.8792000000000	14.9292453660506
'VCLFER/vcl_fer/IMG_08_AWGN_6.bmp'	0.986658865696843	0.0133406528964249	0	0	0	5.47610000000000	8.21571370449433
'VCLFER/vcl_fer/IMG_09_AWGN_1.bmp'	0	0	0.00489176971691092	0.249951906048382	0.745150738224543	87.6886000000000	11.8649000702583
'VCLFER/vcl_fer/IMG_09_AWGN_2.bmp'	0.0448485576821976	0.260279125131957	0.442445762391607	0.220298015897438	0.0321285388968002	48.6418000000000	18.0488074447013
'VCLFER/vcl_fer/IMG_09_AWGN_3.bmp'	0.208759418600211	0.482087139046414	0.270885228711726	0.0370361140519173	0.00123209958973241	31.8432000000000	16.8229341089569
'VCLFER/vcl_fer/IMG_09_AWGN_4.bmp'	0.318926009146563	0.507650154084164	0.162773535427900	0.0105135106908045	0.000136790650567991	25.8022000000000	15.8002034278317
'VCLFER/vcl_fer/IMG_09_AWGN_5.bmp'	0.721790414196511	0.271584519478273	0.00661463694666495	1.04283143368579e-05	0	12.8588000000000	12.0878979412396
'VCLFER/vcl_fer/IMG_09_AWGN_6.bmp'	0.869915343509715	0.129556020490629	0.000528576921067327	0	0	9.41300000000000	10.5447372751719
'VCLFER/vcl_fer/IMG_10_AWGN_1.bmp'	0	0.000422271258366269	0.0383887618695621	0.417602427426657	0.543585983636810	82.4837000000000	13.7260017541170
'VCLFER/vcl_fer/IMG_10_AWGN_2.bmp'	0.0228900805540635	0.184979948819473	0.435046404322274	0.297769428099726	0.0593141382044634	53.8569000000000	18.0016724678474
'VCLFER/vcl_fer/IMG_10_AWGN_3.bmp'	0.172583016611057	0.458194123710114	0.312186180518077	0.0545871642210179	0.00244951493973467	34.3579000000000	17.1491790436084
'VCLFER/vcl_fer/IMG_10_AWGN_4.bmp'	0.429140315792185	0.481784908173742	0.0865733530773360	0.00248996049636908	1.14624603680869e-05	21.2631000000000	14.7754678918150
'VCLFER/vcl_fer/IMG_10_AWGN_5.bmp'	0.607759734638787	0.369899936874376	0.0222087141899242	0.000131537443668832	0	15.7124000000000	13.1414081211146
'VCLFER/vcl_fer/IMG_10_AWGN_6.bmp'	0.917593169676475	0.0822823332243028	0.000124493921067732	0	0	8.18440000000000	9.89898024050235
'VCLFER/vcl_fer/IMG_11_AWGN_1.bmp'	0	5.44154065751818e-05	0.0146088346276080	0.334151311311579	0.651185421385441	85.4183000000000	12.7443689869034
'VCLFER/vcl_fer/IMG_11_AWGN_2.bmp'	0.0182302503330254	0.164127338200172	0.426971393503562	0.320956510974861	0.0697145069883797	55.4021000000000	17.9497793288089
'VCLFER/vcl_fer/IMG_11_AWGN_3.bmp'	0.108647267737139	0.388687086500416	0.387079952026517	0.107305135770552	0.00828055796537549	39.9352000000000	17.6858829026199
'VCLFER/vcl_fer/IMG_11_AWGN_4.bmp'	0.205095184771225	0.480078889970844	0.274968466859779	0.0385359714787167	0.00132148691943485	32.0826000000000	16.8563717256145
'VCLFER/vcl_fer/IMG_11_AWGN_5.bmp'	0.511633867198432	0.438555971745138	0.0490911713781173	0.000717619749527617	0	18.4858000000000	14.0176288246673
'VCLFER/vcl_fer/IMG_11_AWGN_6.bmp'	0.873368932905388	0.126146177766148	0.000484839741072117	0	0	9.32890000000000	10.5023976249529
'VCLFER/vcl_fer/IMG_12_AWGN_1.bmp'	0	0.000590291432211251	0.0448508978492532	0.430942841513109	0.523614986766220	81.8839000000000	13.9081834353382
'VCLFER/vcl_fer/IMG_12_AWGN_2.bmp'	0.0262188351105260	0.198494533256101	0.438758862440448	0.283168830229891	0.0533589389630347	52.8859000000000	18.0253702926507
'VCLFER/vcl_fer/IMG_12_AWGN_3.bmp'	0.208582299165250	0.481992068924535	0.271082007735973	0.0371073426598532	0.00123628151438878	31.8547000000000	16.8245520196962
'VCLFER/vcl_fer/IMG_12_AWGN_4.bmp'	0.288400301273968	0.506588517344997	0.189627675649807	0.0151263745605846	0.000257131170643126	27.2879000000000	16.0852271035300
'VCLFER/vcl_fer/IMG_12_AWGN_5.bmp'	0.543629994837616	0.417572168082837	0.0383753280086060	0.000421953971895118	0	17.5150000000000	13.7256005573527
'VCLFER/vcl_fer/IMG_12_AWGN_6.bmp'	0.839781401348655	0.159180438528482	0.00103792731302143	0	0	10.1291000000000	10.8951639660895
'VCLFER/vcl_fer/IMG_13_AWGN_1.bmp'	0	0.00108327484342853	0.0593299557592369	0.454047881998030	0.485536123669679	80.6814000000000	14.2565136307169
'VCLFER/vcl_fer/IMG_13_AWGN_2.bmp'	0.0473846557247690	0.267375732832719	0.441583031488955	0.213456259927473	0.0302003200260832	48.1669000000000	18.0433318061952
'VCLFER/vcl_fer/IMG_13_AWGN_3.bmp'	0.218835724235083	0.487167957231577	0.259793760600060	0.0331870174580022	0.00101554047527829	31.2006000000000	16.7306415231771
'VCLFER/vcl_fer/IMG_13_AWGN_4.bmp'	0.419750912898855	0.485555034544291	0.0918393955605063	0.00284029412215589	1.43628741919800e-05	21.6084000000000	14.8622603680253
'VCLFER/vcl_fer/IMG_13_AWGN_5.bmp'	0.860701336667464	0.138639639458999	0.000658931464860326	0	0	9.63500000000000	10.6552779156623
'VCLFER/vcl_fer/IMG_13_AWGN_6.bmp'	0.999999989189658	0	0	0	0	1.56590000000000	4.48325658618554
'VCLFER/vcl_fer/IMG_14_AWGN_1.bmp'	0.000115596152322029	0.00953902242789947	0.156171933306175	0.507271810356639	0.326901637756965	74.5670000000000	15.7257340507335
'VCLFER/vcl_fer/IMG_14_AWGN_2.bmp'	0.000820543622085976	0.0293957117027743	0.247881880180789	0.492021500107428	0.229880364386923	69.4788000000000	16.6289854204345
'VCLFER/vcl_fer/IMG_14_AWGN_3.bmp'	0.0775370573877448	0.336744258337983	0.419915620086093	0.150347013676103	0.0154560505120760	43.5378000000000	17.9040356411415
'VCLFER/vcl_fer/IMG_14_AWGN_4.bmp'	0.388670270845432	0.496111741038881	0.110852410506863	0.00433588975688741	2.96878519369570e-05	22.8011000000000	15.1503355401198
'VCLFER/vcl_fer/IMG_14_AWGN_5.bmp'	0.711623819500973	0.280872071042960	0.00749060959894601	1.34982135589942e-05	0	13.0999000000000	12.1838045637106
'VCLFER/vcl_fer/IMG_14_AWGN_6.bmp'	0.801769051566666	0.196135444797571	0.00209452719055090	0	0	11.0073000000000	11.3020282609355
'VCLFER/vcl_fer/IMG_15_AWGN_1.bmp'	0	6.96253072860966e-05	0.0164273382935105	0.344022779352363	0.639480230853736	85.1197000000000	12.8516734325559
'VCLFER/vcl_fer/IMG_15_AWGN_2.bmp'	0.0347310577900989	0.229163783882540	0.443177811213340	0.251196787875574	0.0417305592384469	50.7480000000000	18.0534495506648
'VCLFER/vcl_fer/IMG_15_AWGN_3.bmp'	0.212013464212871	0.483797965971943	0.267280952790113	0.0357499435398647	0.00115767348520816	31.6332000000000	16.7931816452959
'VCLFER/vcl_fer/IMG_15_AWGN_4.bmp'	0.248028592149001	0.498464699644259	0.228909712221800	0.0240210055142745	0.000575990470665860	29.4566000000000	16.4610789629288
'VCLFER/vcl_fer/IMG_15_AWGN_5.bmp'	0.496203038993329	0.447902915297422	0.0549744945517390	0.000917469186796266	0	18.9735000000000	14.1587874207716
'VCLFER/vcl_fer/IMG_15_AWGN_6.bmp'	0.997025262098164	0.00297473257161732	0	0	0	4.32220000000000	7.34339374987233
'VCLFER/vcl_fer/IMG_16_AWGN_1.bmp'	0	0.00227257389884822	0.0830869431331683	0.479051723078694	0.435578957360949	78.9699000000000	14.7160162468073
'VCLFER/vcl_fer/IMG_16_AWGN_2.bmp'	0.0330140825158331	0.223360395074704	0.442747347680049	0.257127560609927	0.0437506141194867	51.1468000000000	18.0507203293582
'VCLFER/vcl_fer/IMG_16_AWGN_3.bmp'	0.0850240302020590	0.350710783753655	0.412585876145498	0.138432288336608	0.0132470215621805	42.5903000000000	17.8561071767243
'VCLFER/vcl_fer/IMG_16_AWGN_4.bmp'	0.243904191042943	0.497161669152002	0.233153151239954	0.0251565000910169	0.000624488474083871	29.6932000000000	16.4993168688374
'VCLFER/vcl_fer/IMG_16_AWGN_5.bmp'	0.616741521338359	0.362709877916553	0.0204381986072443	0.000110345057025708	0	15.4732000000000	13.0594858498145
'VCLFER/vcl_fer/IMG_16_AWGN_6.bmp'	0.790466247467451	0.207011482549632	0.00252084257325436	0	0	11.2666000000000	11.4177043956732
'VCLFER/vcl_fer/IMG_17_AWGN_1.bmp'	2.11980734216696e-05	0.00356382554943528	0.101625605508022	0.491537345415214	0.403252025453907	77.7683000000000	15.0150379809824
'VCLFER/vcl_fer/IMG_17_AWGN_2.bmp'	0.00201296575240036	0.0488807118987454	0.300139756665315	0.466009099881655	0.182957465801885	66.3998000000000	17.0566254405373
'VCLFER/vcl_fer/IMG_17_AWGN_3.bmp'	0.0632835658023335	0.306942219782446	0.432173185131785	0.176642215881750	0.0209588134016855	45.5328000000000	17.9832631574602
'VCLFER/vcl_fer/IMG_17_AWGN_4.bmp'	0.464694006401245	0.465264259210101	0.0685507017158364	0.00148629052480478	0	20.0128000000000	14.4478415631977
'VCLFER/vcl_fer/IMG_17_AWGN_5.bmp'	0.722167244200375	0.271238716680769	0.00658371057827590	1.03274936344446e-05	0	12.8499000000000	12.0843310583042
'VCLFER/vcl_fer/IMG_17_AWGN_6.bmp'	0.999999320209361	0	0	0	0	1.98500000000000	5.03692313421597
'VCLFER/vcl_fer/IMG_18_AWGN_1.bmp'	0	2.35661241684768e-05	0.00979131020527194	0.301579374823900	0.688605744641875	86.3464000000000	12.3989383657641
'VCLFER/vcl_fer/IMG_18_AWGN_2.bmp'	0.00901454932155033	0.112396095536193	0.391964017610970	0.382321698069267	0.104303639462019	59.6090000000000	17.7189105849541
'VCLFER/vcl_fer/IMG_18_AWGN_3.bmp'	0.171877669179370	0.457632648665335	0.313009850595419	0.0549974393828745	0.00248239217700145	34.4106000000000	17.1554355012123
'VCLFER/vcl_fer/IMG_18_AWGN_4.bmp'	0.205818395228732	0.480482189205584	0.274160529052832	0.0382355283057806	0.00130335820707131	32.0351000000000	16.8497778260099
'VCLFER/vcl_fer/IMG_18_AWGN_5.bmp'	0.612120371954632	0.366423320824633	0.0213354063438373	0.000120834311096701	0	15.5959000000000	13.1016438119793
'VCLFER/vcl_fer/IMG_18_AWGN_6.bmp'	0.673261732851675	0.315110926328735	0.0115938003048372	3.35328904700171e-05	0	14.0296000000000	12.5411081738711
'VCLFER/vcl_fer/IMG_19_AWGN_1.bmp'	0	0.000101881756166946	0.0196803083121965	0.359452997206702	0.620764762855358	84.6330000000000	13.0227651654478
'VCLFER/vcl_fer/IMG_19_AWGN_2.bmp'	0.0763088384385080	0.334350076220199	0.421068448352373	0.152415334314881	0.0158573026740385	43.6992000000000	17.9115356540009
'VCLFER/vcl_fer/IMG_19_AWGN_3.bmp'	0.125146145227912	0.410685762773294	0.368061917760993	0.0900847315211361	0.00602144271666437	38.3115000000000	17.5551877630118
'VCLFER/vcl_fer/IMG_19_AWGN_4.bmp'	0.472979072820482	0.460934288415184	0.0647704373685334	0.00131236719700351	0	19.7336000000000	14.3717233499541
'VCLFER/vcl_fer/IMG_19_AWGN_5.bmp'	0.707979922944863	0.284180615433067	0.00782468096396715	1.47787433754077e-05	0	13.1868000000000	12.2180356469894
'VCLFER/vcl_fer/IMG_19_AWGN_6.bmp'	0.967602071387394	0.0323908918820878	0	0	0	6.51350000000000	8.91087711926273
'VCLFER/vcl_fer/IMG_20_AWGN_1.bmp'	0.000284360340239195	0.0160276703246538	0.194224300441185	0.506020976592115	0.283442692301807	72.4591000000000	16.1314842176898
'VCLFER/vcl_fer/IMG_20_AWGN_2.bmp'	0.0332098696500844	0.224030972883990	0.442806487384419	0.256439488041794	0.0435131820397131	51.1006000000000	18.0510953635799
'VCLFER/vcl_fer/IMG_20_AWGN_3.bmp'	0.0948756673609069	0.367587273724963	0.402301682498960	0.124373824389573	0.0108615520255969	41.4277000000000	17.7881321032138
'VCLFER/vcl_fer/IMG_20_AWGN_4.bmp'	0.426514458443338	0.482865300267080	0.0880242092915420	0.00258381945544117	1.22125425988699e-05	21.3590000000000	14.7997291433864
'VCLFER/vcl_fer/IMG_20_AWGN_5.bmp'	0.613251304016103	0.365517277146984	0.0211131663189332	0.000118188401100632	0	15.5658000000000	13.0913283319510
'VCLFER/vcl_fer/IMG_20_AWGN_6.bmp'	0.868806198697245	0.130650540102118	0.000543198760050194	0	0	9.43990000000000	10.5582256442025
'VCLFER/vcl_fer/IMG_21_AWGN_1.bmp'	0	2.31353169104842e-05	0.00970502871193084	0.300880240519628	0.689391591375574	86.3655000000000	12.3916332027461
'VCLFER/vcl_fer/IMG_21_AWGN_2.bmp'	0.00654840548042423	0.0943457352320600	0.373156637817311	0.405174642537131	0.120774578933074	61.2736000000000	17.5905353804941
'VCLFER/vcl_fer/IMG_21_AWGN_3.bmp'	0.0914668322541020	0.361928383662983	0.405929578176257	0.129046966784729	0.0116282391219296	41.8201000000000	17.8122103168893
'VCLFER/vcl_fer/IMG_21_AWGN_4.bmp'	0.275416321268375	0.504855616735272	0.201803399678688	0.0175903115301157	0.000334350787550234	27.9580000000000	16.2063318111903
'VCLFER/vcl_fer/IMG_21_AWGN_5.bmp'	0.635934875650061	0.346980035381013	0.0170101350563814	7.49242609132119e-05	0	14.9716000000000	12.8841243250978
'VCLFER/vcl_fer/IMG_21_AWGN_6.bmp'	0.914235769674713	0.0856231511502925	0.000141075085818791	0	0	8.27740000000000	9.95001981208560
'VCLFER/vcl_fer/IMG_22_AWGN_1.bmp'	0.00109082559797388	0.0345630491349897	0.263865933746730	0.485365773669299	0.215114417851008	68.5647000000000	16.7647812265435
'VCLFER/vcl_fer/IMG_22_AWGN_2.bmp'	0.0129453863032569	0.136729168039463	0.411438053797894	0.352732009079972	0.0861553827794143	57.5478000000000	17.8485631146281
'VCLFER/vcl_fer/IMG_22_AWGN_3.bmp'	0.131126077391065	0.417879139341179	0.361049569786937	0.0845741205422323	0.00537109293858652	37.7601000000000	17.5061161934307
'VCLFER/vcl_fer/IMG_22_AWGN_4.bmp'	0.321953058103428	0.507537330180465	0.160247666071792	0.0101335991487062	0.000128346495607924	25.6612000000000	15.7719375797213
'VCLFER/vcl_fer/IMG_22_AWGN_5.bmp'	0.516856696471773	0.435274481322935	0.0472082581239941	0.000659378004948158	0	18.3237000000000	13.9699036212718
'VCLFER/vcl_fer/IMG_22_AWGN_6.bmp'	0.758517312113303	0.237408638842748	0.00407022648658685	0	0	12.0015000000000	11.7352999666221
'VCLFER/vcl_fer/IMG_23_AWGN_1.bmp'	0	0	0.000436167503953869	0.122080853532191	0.877482938945711	90.7720000000000	10.4512573256236
'VCLFER/vcl_fer/IMG_23_AWGN_2.bmp'	0.0104720031678336	0.121936652532837	0.400322375954239	0.370558309629071	0.0967106587160201	58.7795000000000	17.7749491565911
'VCLFER/vcl_fer/IMG_23_AWGN_3.bmp'	0.145789829869997	0.433946473335335	0.343738126512393	0.0724605883912278	0.00406498189104703	36.4792000000000	17.3827877782519
'VCLFER/vcl_fer/IMG_23_AWGN_4.bmp'	0.282271085628165	0.505870008908653	0.195320080660638	0.0162476397413903	0.000291185061153749	27.6012000000000	16.1424132680409
'VCLFER/vcl_fer/IMG_23_AWGN_5.bmp'	0.398705970749357	0.493036885845785	0.104443419718161	0.00379016183465680	2.35618520407561e-05	22.4073000000000	15.0571921364836
'VCLFER/vcl_fer/IMG_23_AWGN_6.bmp'	0.882756681107713	0.116864317748169	0.000378971040815491	0	0	9.09740000000000	10.3845000672394
'VCLFER/vcl_fer/IMG_01_BLU_1.bmp'	0.00158473782633954	0.0427085547038526	0.285707670435966	0.474436944572739	0.195562092461103	67.2794000000000	16.9430065976336
'VCLFER/vcl_fer/IMG_01_BLU_2.bmp'	0	0.000354987898477170	0.0354047491422558	0.410585224131183	0.553654624962421	82.7787000000000	13.6342440256445
'VCLFER/vcl_fer/IMG_01_BLU_3.bmp'	0.00879772137816259	0.110913880215687	0.390573793141908	0.384168547423650	0.105546057840592	59.7407000000000	17.7095309582638
'VCLFER/vcl_fer/IMG_01_BLU_4.bmp'	0.130260556041150	0.416861990603028	0.362067034802418	0.0853498946741727	0.00546052387923200	37.8388000000000	17.5132669704605
'VCLFER/vcl_fer/IMG_01_BLU_5.bmp'	0.307084505118210	0.507721592891947	0.172892887939301	0.0121258554725627	0.000175158577979672	26.3644000000000	15.9107868129850
'VCLFER/vcl_fer/IMG_01_BLU_6.bmp'	0.759136095175536	0.236825294980643	0.00403485543651896	0	0	11.9872000000000	11.7292593762464
'VCLFER/vcl_fer/IMG_02_BLU_1.bmp'	0.000118563292895158	0.00967979342403042	0.157151008815005	0.507345140534543	0.325705493933526	74.5121000000000	15.7369014341495
'VCLFER/vcl_fer/IMG_02_BLU_2.bmp'	0.00510603367801240	0.0822383930100864	0.357923621823611	0.420950386984547	0.133781564503743	62.4791000000000	17.4840806747160
'VCLFER/vcl_fer/IMG_02_BLU_3.bmp'	0.0679567906976067	0.317224310738634	0.428453243134152	0.167434047997454	0.0189316074321528	44.8473000000000	17.9593384796151
'VCLFER/vcl_fer/IMG_02_BLU_4.bmp'	0.0869313810497306	0.354105439792050	0.410645303233524	0.135574922101006	0.0127429538236889	42.3582000000000	17.8433465811743
'VCLFER/vcl_fer/IMG_02_BLU_5.bmp'	0.507909402935495	0.440860173353635	0.0504669927138394	0.000761913959308501	0	18.6023000000000	14.0516778459437
'VCLFER/vcl_fer/IMG_02_BLU_6.bmp'	0.927232916459052	0.0726826295990741	8.44524873051530e-05	0	0	7.90900000000000	9.74559092911251
'VCLFER/vcl_fer/IMG_03_BLU_1.bmp'	0	0.00120860911708947	0.0623787996620622	0.458007546320261	0.478401713558810	80.4468000000000	14.3219483666401
'VCLFER/vcl_fer/IMG_03_BLU_2.bmp'	0.0181443962278631	0.163717989708521	0.426782435596247	0.321420020127699	0.0699351583396707	55.4331000000000	17.9485592107126
'VCLFER/vcl_fer/IMG_03_BLU_3.bmp'	0.138796949269797	0.426552376505168	0.352005905627713	0.0780032453241191	0.00464152327320268	37.0781000000000	17.4420868834797
'VCLFER/vcl_fer/IMG_03_BLU_4.bmp'	0.222592060857342	0.488900852888017	0.255712778686168	0.0318496438388430	0.000944663729630510	30.9667000000000	16.6961207243103
'VCLFER/vcl_fer/IMG_03_BLU_5.bmp'	0.568570229485771	0.399852422454428	0.0313042516038872	0.000272831743414637	0	16.7929000000000	13.4983858905625
'VCLFER/vcl_fer/IMG_03_BLU_6.bmp'	0.939910207848317	0.0600431327159077	4.66589947105569e-05	0	0	7.52290000000000	9.52463937463965
'VCLFER/vcl_fer/IMG_04_BLU_1.bmp'	1.50648270491117e-05	0.00292046050854104	0.0929905655817623	0.486325233309107	0.417748675773541	78.3171000000000	14.8807828062147
'VCLFER/vcl_fer/IMG_04_BLU_2.bmp'	0.00526049786501596	0.0836062923536213	0.359765808997658	0.419150140832790	0.132217259950914	62.3386000000000	17.4970788157685
'VCLFER/vcl_fer/IMG_04_BLU_3.bmp'	0.105211099933126	0.383672722745435	0.390949158837363	0.111311398156058	0.00885562032801753	40.2947000000000	17.7120651706418
'VCLFER/vcl_fer/IMG_04_BLU_4.bmp'	0.113999292450470	0.396188732055895	0.380980429845508	0.101368681860572	0.00746286378755537	39.3907000000000	17.6443343614233
'VCLFER/vcl_fer/IMG_04_BLU_5.bmp'	0.644524313825553	0.339788910061630	0.0156240933588794	6.26608353148143e-05	0	14.7511000000000	12.8054661126496
'VCLFER/vcl_fer/IMG_04_BLU_6.bmp'	0.806355535214841	0.191706071308378	0.00193756095993902	0	0	10.9020000000000	11.2544911052610
'VCLFER/vcl_fer/IMG_05_BLU_1.bmp'	1.05357974439518e-05	0.00237036790880935	0.0846781350201181	0.480323670404905	0.432617290868724	78.8631000000000	14.7433564080251
'VCLFER/vcl_fer/IMG_05_BLU_2.bmp'	0.00550939708664046	0.0857713175951599	0.362615494903750	0.416310058483656	0.129793731930795	62.1186000000000	17.5171172068584
'VCLFER/vcl_fer/IMG_05_BLU_3.bmp'	0.199119417935723	0.476613918665063	0.281681327189215	0.0411043349630907	0.00148100124690903	32.4799000000000	16.9107424708999
'VCLFER/vcl_fer/IMG_05_BLU_4.bmp'	0.162965418221700	0.450193788447462	0.323458936919726	0.0604441708578287	0.00293768555328361	35.0903000000000	17.2340416126533
'VCLFER/vcl_fer/IMG_05_BLU_5.bmp'	0.461992250490409	0.466638501659089	0.0698168698383224	0.00154729850283673	0	20.1048000000000	14.4726819564165
'VCLFER/vcl_fer/IMG_05_BLU_6.bmp'	0.835575157002246	0.163294856478747	0.00112970984235916	0	0	10.2272000000000	10.9418197377248
'VCLFER/vcl_fer/IMG_06_BLU_1.bmp'	0	0	0.000216597577121323	0.0980742545008581	0.901709138208815	91.3864000000000	10.1314575808822
'VCLFER/vcl_fer/IMG_06_BLU_2.bmp'	1.17291745078438e-05	0.00252362205135134	0.0870972692284054	0.482178812649058	0.428188566896678	78.7022000000000	14.7842604298241
'VCLFER/vcl_fer/IMG_06_BLU_3.bmp'	0.0504409184949169	0.275609120523096	0.440265705671445	0.205611216764127	0.0280730385464157	47.6175000000000	18.0349607613934
'VCLFER/vcl_fer/IMG_06_BLU_4.bmp'	0.131241858449529	0.418014598454127	0.360913407563781	0.0844708904498629	0.00535924508270026	37.7496000000000	17.5051584414177
'VCLFER/vcl_fer/IMG_06_BLU_5.bmp'	0.384849726018324	0.497195415811266	0.113361033806010	0.00456143224189911	3.23921225015484e-05	22.9533000000000	15.1858247353229
'VCLFER/vcl_fer/IMG_06_BLU_6.bmp'	0.711896824481798	0.280623751126568	0.00746601641542194	1.34063514507901e-05	0	13.0934000000000	12.1812370097530
'VCLFER/vcl_fer/IMG_07_BLU_1.bmp'	5.89052210496326e-05	0.00645584340284372	0.131987367430481	0.503375330982237	0.358122552963389	75.9447000000000	15.4345126086010
'VCLFER/vcl_fer/IMG_07_BLU_2.bmp'	0.00139827763381803	0.0397887089599997	0.278285220826846	0.478392426095334	0.202135366484002	67.7217000000000	16.8833276318368
'VCLFER/vcl_fer/IMG_07_BLU_3.bmp'	0.0942051897342824	0.366488733196765	0.403020434881617	0.125277808311537	0.0110078338757986	41.5041000000000	17.7929111358422
'VCLFER/vcl_fer/IMG_07_BLU_4.bmp'	0.0981326517412513	0.372825483697501	0.398776834354516	0.120084382427451	0.0101806477792799	41.0618000000000	17.7646322486874
'VCLFER/vcl_fer/IMG_07_BLU_5.bmp'	0.405583530818977	0.490742956860386	0.100200939805402	0.00345249827571607	2.00742395196221e-05	22.1423000000000	14.9934282608276
'VCLFER/vcl_fer/IMG_07_BLU_6.bmp'	0.858256034006620	0.141046814899855	0.000697047503942050	0	0	9.69340000000000	10.6840671439193
'VCLFER/vcl_fer/IMG_08_BLU_1.bmp'	0	0.000559547368009426	0.0437527739706042	0.428834405439852	0.526852376240182	81.9825000000000	13.8786313469665
'VCLFER/vcl_fer/IMG_08_BLU_2.bmp'	0.000358521130635085	0.0183092905413319	0.205139708931307	0.504254071158598	0.271938408238128	71.8583000000000	16.2387437824711
'VCLFER/vcl_fer/IMG_08_BLU_3.bmp'	0.0677125935010758	0.316700119041749	0.428655734274355	0.167899994483388	0.0190315586994322	44.8823000000000	17.9606434386685
'VCLFER/vcl_fer/IMG_08_BLU_4.bmp'	0.114597049369992	0.397004010390248	0.380294353139654	0.100727576347021	0.00737701075308588	39.3310000000000	17.6396396234617
'VCLFER/vcl_fer/IMG_08_BLU_5.bmp'	0.355329695477149	0.503874401584353	0.134043625695823	0.00668964569459723	6.26315480786436e-05	24.1744000000000	15.4605370332682
'VCLFER/vcl_fer/IMG_08_BLU_6.bmp'	0.566326692005154	0.401491741630210	0.0318972958134200	0.000283987208953822	0	16.8567000000000	13.5188174457067
'VCLFER/vcl_fer/IMG_09_BLU_1.bmp'	0	0	0.000636067652702111	0.137146853187086	0.862216993145908	90.4013000000000	10.6373229039841
'VCLFER/vcl_fer/IMG_09_BLU_2.bmp'	0.00344458501592526	0.0660708923432979	0.333390175898245	0.442552486895042	0.154541859847490	64.2423000000000	17.3074913996392
'VCLFER/vcl_fer/IMG_09_BLU_3.bmp'	0.0697137959887685	0.320955015635040	0.426972001341984	0.164128659281330	0.0182305277528784	44.5980000000000	17.9497832532429
'VCLFER/vcl_fer/IMG_09_BLU_4.bmp'	0.261830467766194	0.502165159407945	0.215012841699086	0.0205529253805760	0.000438605746199720	28.6862000000000	16.3328546070374
'VCLFER/vcl_fer/IMG_09_BLU_5.bmp'	0.420365338827081	0.485316281036696	0.0914881356505383	0.00281609076973770	1.41537159470539e-05	21.5856000000000	14.8565774050505
'VCLFER/vcl_fer/IMG_09_BLU_6.bmp'	0.750122202649756	0.245299824896768	0.00457311171727042	0	0	12.1959000000000	11.8168880431345
'VCLFER/vcl_fer/IMG_10_BLU_1.bmp'	0	0	0.00477331642977925	0.248251434984464	0.746969938317667	87.7309000000000	11.8473560657548
'VCLFER/vcl_fer/IMG_10_BLU_2.bmp'	0.00367100765526213	0.0684601561122439	0.337368636796520	0.439324834003645	0.151175365432329	63.9683000000000	17.3365859384812
'VCLFER/vcl_fer/IMG_10_BLU_3.bmp'	0.153469673351784	0.441535530323930	0.334656854997114	0.0668228160889736	0.00351512523819798	35.8445000000000	17.3167746793507
'VCLFER/vcl_fer/IMG_10_BLU_4.bmp'	0.151881132434798	0.440009930817109	0.336534283849716	0.0679523268797397	0.00362232601863792	35.9739000000000	17.3304995557028
'VCLFER/vcl_fer/IMG_10_BLU_5.bmp'	0.345115905453025	0.505452762458574	0.141742420262319	0.00761066812330531	7.82437027769923e-05	24.6167000000000	15.5557618192342
'VCLFER/vcl_fer/IMG_10_BLU_6.bmp'	0.458445446395607	0.468413901814091	0.0715043160837981	0.00163077898889678	0	20.2263000000000	14.5053056912160
'VCLFER/vcl_fer/IMG_11_BLU_1.bmp'	0	1.67089228871975e-05	0.00830067530523372	0.288699231234099	0.702983382182998	86.6936000000000	12.2648601852127
'VCLFER/vcl_fer/IMG_11_BLU_2.bmp'	0.000202411111422877	0.0131798770610743	0.179049391852482	0.507479872979293	0.300088446995728	73.2952000000000	15.9761168269259
'VCLFER/vcl_fer/IMG_11_BLU_3.bmp'	0.0226558986027235	0.183989758564036	0.434729039733750	0.298852091360118	0.0597732117393728	53.9289000000000	17.9996420053460
'VCLFER/vcl_fer/IMG_11_BLU_4.bmp'	0.160567806443018	0.448080735434876	0.326281285379712	0.0619963541675447	0.00307381857484978	35.2777000000000	17.2550371284847
'VCLFER/vcl_fer/IMG_11_BLU_5.bmp'	0.299646823450230	0.507457378747091	0.179442436107755	0.0132491016611172	0.000204260033806912	26.7265000000000	15.9802404045308
'VCLFER/vcl_fer/IMG_11_BLU_6.bmp'	0.400184533522678	0.492556380652143	0.103521140944400	0.00371517778660888	2.27670941698825e-05	22.3500000000000	15.0434791853480
'VCLFER/vcl_fer/IMG_12_BLU_1.bmp'	0	0.00134012928649574	0.0653921009039889	0.461670612745608	0.471593183351305	80.2200000000000	14.3844502376698
'VCLFER/vcl_fer/IMG_12_BLU_2.bmp'	0.00355311759818952	0.0672249136700849	0.335328662895334	0.440992144926894	0.152901160909498	64.1093000000000	17.3216906223874
'VCLFER/vcl_fer/IMG_12_BLU_3.bmp'	0.0324328387121763	0.221355824621226	0.442555797111890	0.259188782534261	0.0444667570204463	51.2851000000000	18.0495054432496
'VCLFER/vcl_fer/IMG_12_BLU_4.bmp'	0.0802315920503249	0.341892506070201	0.417334751564995	0.145925206076895	0.0146159442375839	43.1898000000000	17.8872077570867
'VCLFER/vcl_fer/IMG_12_BLU_5.bmp'	0.242897733381039	0.496829562668856	0.234194854493337	0.0254409438921776	0.000636905564590437	29.7514000000000	16.5086414772511
'VCLFER/vcl_fer/IMG_12_BLU_6.bmp'	0.609650477029912	0.368395814429831	0.0218268391942045	0.000126797123913599	0	15.6618000000000	13.1241684653583
'VCLFER/vcl_fer/IMG_13_BLU_1.bmp'	0	0.00111145086195856	0.0600319690303221	0.454983347331408	0.483870345299285	80.6269000000000	14.2717863888602
'VCLFER/vcl_fer/IMG_13_BLU_2.bmp'	0.000192188682227526	0.0127921235962542	0.176822749195054	0.507591433649879	0.302601504876585	73.4182000000000	15.9526506669677
'VCLFER/vcl_fer/IMG_13_BLU_3.bmp'	0.0119740182781396	0.131104213978693	0.407459051006668	0.359452800483527	0.0900099162529723	58.0091000000000	17.8223287749266
'VCLFER/vcl_fer/IMG_13_BLU_4.bmp'	0.0681987942125487	0.317742413070295	0.428251742174952	0.166973881546443	0.0188331689957609	44.8127000000000	17.9580395979011
'VCLFER/vcl_fer/IMG_13_BLU_5.bmp'	0.191601504532468	0.471910431025427	0.290215616284902	0.0445638308717869	0.00170861728541619	32.9924000000000	16.9788308522141
'VCLFER/vcl_fer/IMG_13_BLU_6.bmp'	0.383140677677724	0.497664398351343	0.114495572024725	0.00466567642329756	3.36755229092674e-05	23.0218000000000	15.2017053289657
'VCLFER/vcl_fer/IMG_14_BLU_1.bmp'	0	0.000401077649337169	0.0374789264508192	0.415526714639728	0.546592772019651	82.5723000000000	13.6985949484385
'VCLFER/vcl_fer/IMG_14_BLU_2.bmp'	0.00538590216590239	0.0847030022780766	0.361219311865345	0.417710056223557	0.130981727467119	62.2268000000000	17.5073098782624
'VCLFER/vcl_fer/IMG_14_BLU_3.bmp'	0.140935762726841	0.428864444079398	0.349478473931299	0.0762644911877491	0.00445682807471249	36.8927000000000	17.4240382445340
'VCLFER/vcl_fer/IMG_14_BLU_4.bmp'	0.201625879288200	0.478096261985818	0.278857776730716	0.0400081538325629	0.00141192816270365	32.3122000000000	16.8879626285489
'VCLFER/vcl_fer/IMG_14_BLU_5.bmp'	0.304819898032486	0.507666810428875	0.174871306348704	0.0124584112225834	0.000183573967351791	26.4739000000000	15.9319348947394
'VCLFER/vcl_fer/IMG_14_BLU_6.bmp'	0.839002134136674	0.159943115302438	0.00105451011238161	0	0	10.1473000000000	10.9038435550674
'VCLFER/vcl_fer/IMG_15_BLU_1.bmp'	0	0.000328525074778905	0.0341466377479716	0.407436043768620	0.558088430563605	82.9071000000000	13.5938518880609
'VCLFER/vcl_fer/IMG_15_BLU_2.bmp'	0.0298920011506954	0.212339192289735	0.441417064908462	0.268541780045757	0.0478099616053495	51.9110000000000	18.0422778357279
'VCLFER/vcl_fer/IMG_15_BLU_3.bmp'	0.135486281125222	0.422883276083333	0.355913945613459	0.0807734823287949	0.00494301484919015	37.3691000000000	17.4698606640344
'VCLFER/vcl_fer/IMG_15_BLU_4.bmp'	0.158938438831941	0.446616915189439	0.328201490334887	0.0630732321459603	0.00316992349777306	35.4062000000000	17.2692657227638
'VCLFER/vcl_fer/IMG_15_BLU_5.bmp'	0.365435024833120	0.501934362533118	0.126702553161634	0.00587794452479048	5.01149473386400e-05	23.7471000000000	15.3664047683034
'VCLFER/vcl_fer/IMG_15_BLU_6.bmp'	0.746944121575370	0.248275581918328	0.00477498241049293	0	0	12.2697000000000	11.8476052362097
'VCLFER/vcl_fer/IMG_16_BLU_1.bmp'	0.000152728604306443	0.0112041975520854	0.167221502238134	0.507755307575647	0.313666264029827	73.9502000000000	15.8493212713600
'VCLFER/vcl_fer/IMG_16_BLU_2.bmp'	0.0105573995579720	0.122474715463855	0.400764615694781	0.369901208561126	0.0963020607222655	58.7336000000000	17.7778975058249
'VCLFER/vcl_fer/IMG_16_BLU_3.bmp'	0.131319085750921	0.418104872090632	0.360822578690408	0.0844021060242668	0.00535135744377215	37.7426000000000	17.5045194546807
'VCLFER/vcl_fer/IMG_16_BLU_4.bmp'	0.195613481877093	0.474469010659779	0.285649350667768	0.0426849670102066	0.00158318978515445	32.7171000000000	16.9425410825453
'VCLFER/vcl_fer/IMG_16_BLU_5.bmp'	0.445420879099646	0.474647948335180	0.0779505401492698	0.00197293661857467	0	20.6797000000000	14.6252428708539
'VCLFER/vcl_fer/IMG_16_BLU_6.bmp'	0.792785519991267	0.204784541027476	0.00242861661443772	0	0	11.2134000000000	11.3941298799591
'VCLFER/vcl_fer/IMG_17_BLU_1.bmp'	0	0.000148685481241550	0.0235315765243674	0.374927588606219	0.601392054808019	84.1162000000000	13.1994496340501
'VCLFER/vcl_fer/IMG_17_BLU_2.bmp'	0.0146808623209885	0.146271464480885	0.417542661237233	0.341487885711985	0.0800171262489090	56.7828000000000	17.8885653027420
'VCLFER/vcl_fer/IMG_17_BLU_3.bmp'	0.221478963890523	0.488396297871069	0.256918939659980	0.0322406475692527	0.000965151009176135	31.0357000000000	16.7063561091731
'VCLFER/vcl_fer/IMG_17_BLU_4.bmp'	0.354521748126414	0.504013428846646	0.134642390824101	0.00675868183839831	6.37503644409391e-05	24.2090000000000	15.4680668216038
'VCLFER/vcl_fer/IMG_17_BLU_5.bmp'	0.548159676465085	0.414438271835004	0.0370111513175180	0.000390413932633999	0	17.3817000000000	13.6843145340329
'VCLFER/vcl_fer/IMG_17_BLU_6.bmp'	0.999399931526083	0.000600068429795171	0	0	0	3.53000000000000	6.66380511719843
'VCLFER/vcl_fer/IMG_18_BLU_1.bmp'	0	8.40435374221227e-05	0.0179636772191212	0.351626876816105	0.630325366418498	84.8831000000000	12.9354273684504
'VCLFER/vcl_fer/IMG_18_BLU_2.bmp'	0.000274395371418630	0.0157023432172289	0.192585281809636	0.506235578236902	0.285202401364815	72.5493000000000	16.1150671939060
'VCLFER/vcl_fer/IMG_18_BLU_3.bmp'	0.104486952314729	0.382595529581438	0.391759257140556	0.112176062211283	0.00898219875199382	40.3715000000000	17.7175301665497
'VCLFER/vcl_fer/IMG_18_BLU_4.bmp'	0.100354450644596	0.376307717251308	0.396342847404589	0.117252021423712	0.00974296327579474	40.8170000000000	17.7483434560637
'VCLFER/vcl_fer/IMG_18_BLU_5.bmp'	0.291266428462170	0.506864600908743	0.186999971781588	0.0146264580250515	0.000242540822447918	27.1432000000000	16.0584774143224
'VCLFER/vcl_fer/IMG_18_BLU_6.bmp'	0.792532662966127	0.205027454040977	0.00243854951210125	0	0	11.2192000000000	11.3967039751563
'VCLFER/vcl_fer/IMG_19_BLU_1.bmp'	0	0.000480309221660774	0.0407588618617325	0.422767310573390	0.535992826515386	82.2580000000000	13.7952366871468
'VCLFER/vcl_fer/IMG_19_BLU_2.bmp'	0.000678168918928482	0.0263691540684551	0.237537612722333	0.495731425964791	0.239683638325492	70.0615000000000	16.5384014582607
'VCLFER/vcl_fer/IMG_19_BLU_3.bmp'	0.0477322379464253	0.268329189844425	0.441447831251428	0.212542703968488	0.0299480369892326	48.1032000000000	18.0424732320351
'VCLFER/vcl_fer/IMG_19_BLU_4.bmp'	0.00359100624094202	0.0676239430713269	0.335991557487571	0.440453214256720	0.152340278943440	64.0636000000000	17.3265361863592
'VCLFER/vcl_fer/IMG_19_BLU_5.bmp'	0.275220399338210	0.504823297838397	0.201990509637337	0.0176301231811643	0.000335670004891425	27.9683000000000	16.2081580397756
'VCLFER/vcl_fer/IMG_19_BLU_6.bmp'	0.589787318121008	0.383934885964252	0.0260925311187194	0.000185127669030705	0	16.2002000000000	13.3051714383086
'VCLFER/vcl_fer/IMG_20_BLU_1.bmp'	2.20457175118082e-05	0.00364615632691543	0.102662462059889	0.492100050532780	0.401569285362903	77.7035000000000	15.0306386372170
'VCLFER/vcl_fer/IMG_20_BLU_2.bmp'	0.0171037923598782	0.158673381265913	0.424352098903897	0.327159284655432	0.0727114428148799	55.8175000000000	17.9328422974441
'VCLFER/vcl_fer/IMG_20_BLU_3.bmp'	0.135652171047056	0.423069773482670	0.355718272815785	0.0806323430211586	0.00492743963333058	37.3544000000000	17.4684738773442
'VCLFER/vcl_fer/IMG_20_BLU_4.bmp'	0.105529008224730	0.384143346640619	0.390592909355227	0.110934077154665	0.00880065862475975	40.2611000000000	17.7096600479347
'VCLFER/vcl_fer/IMG_20_BLU_5.bmp'	0.361590161000718	0.502716076635335	0.129463442403510	0.00617575039117211	5.45695692654983e-05	23.9085000000000	15.4022097459618
'VCLFER/vcl_fer/IMG_20_BLU_6.bmp'	0.831768877837913	0.167013115636106	0.00121768415267819	0	0	10.3157000000000	10.9836417407754
'VCLFER/vcl_fer/IMG_21_BLU_1.bmp'	0	0	0	0.000525028246169246	0.999474971724256	96.5232000000000	6.61522325953584
'VCLFER/vcl_fer/IMG_21_BLU_2.bmp'	3.41969192638621e-05	0.00470754586253345	0.114947002699815	0.497847416426570	0.382463838091819	76.9510000000000	15.2079954402150
'VCLFER/vcl_fer/IMG_21_BLU_3.bmp'	0.0608241576229244	0.301308757115110	0.433987329158133	0.181748983488094	0.0221307726157395	45.9077000000000	17.9948937680828
'VCLFER/vcl_fer/IMG_21_BLU_4.bmp'	0.0801102214486066	0.341663630905015	0.417452463237198	0.146121042039790	0.0146526423693901	43.2053000000000	17.8879763967047
'VCLFER/vcl_fer/IMG_21_BLU_5.bmp'	0.202611142171392	0.478667431698306	0.277750977564427	0.0395848018498032	0.00138564671607219	32.2467000000000	16.8789979625552
'VCLFER/vcl_fer/IMG_21_BLU_6.bmp'	0.415973784030126	0.486997911154915	0.0940193831325605	0.00299320772831560	1.57139540833635e-05	21.7492000000000	14.8972063097933
'VCLFER/vcl_fer/IMG_22_BLU_1.bmp'	0.000270552416821923	0.0155755213284467	0.191940268015863	0.506316327919086	0.285897330319782	72.5848000000000	16.1085832986139
'VCLFER/vcl_fer/IMG_22_BLU_2.bmp'	0.000126872204540716	0.0100661845084168	0.159793243228976	0.507512871187568	0.322500828870499	74.3642000000000	15.7668228533888
'VCLFER/vcl_fer/IMG_22_BLU_3.bmp'	0.0314127050368740	0.217786483548244	0.442159579841230	0.262875241638804	0.0457659899348476	51.5321000000000	18.0469916638352
'VCLFER/vcl_fer/IMG_22_BLU_4.bmp'	0.0699301705754003	0.321409554813991	0.426786714001699	0.163727228951049	0.0181463316578608	44.5676000000000	17.9485868397291
'VCLFER/vcl_fer/IMG_22_BLU_5.bmp'	0.138691417245337	0.426437121238654	0.352130565849693	0.0780900590522193	0.00465083661409671	37.0873000000000	17.4429753225699
'VCLFER/vcl_fer/IMG_22_BLU_6.bmp'	0.544531227357596	0.416951728339037	0.0381010001472923	0.000415503401253602	0	17.4884000000000	13.7173853504732
'VCLFER/vcl_fer/IMG_23_BLU_1.bmp'	0	0.000339003527939912	0.0346512079116876	0.408713457714617	0.556295948129898	82.8553000000000	13.6101805922282
'VCLFER/vcl_fer/IMG_23_BLU_2.bmp'	0	0.000493514766517228	0.0412757744158413	0.423849784129172	0.534380202207919	82.2097000000000	13.8099454545868
'VCLFER/vcl_fer/IMG_23_BLU_3.bmp'	0.0626539683889336	0.305515196467156	0.432647673625914	0.177931668296580	0.0212514932214163	45.6278000000000	17.9863074664497
'VCLFER/vcl_fer/IMG_23_BLU_4.bmp'	0.0620923563374904	0.304233564076176	0.433065170772494	0.179092144432993	0.0215167643808467	45.7131000000000	17.9889847541782
'VCLFER/vcl_fer/IMG_23_BLU_5.bmp'	0.354864821848185	0.503954688839279	0.134387926424327	0.00672928988571958	6.32730024899323e-05	24.1943000000000	15.4648694309168
'VCLFER/vcl_fer/IMG_23_BLU_6.bmp'	0.679908158410924	0.309277973588752	0.0107850305794991	2.88315121910107e-05	0	13.8660000000000	12.4796297756624
'VCLFER/vcl_fer/IMG_01_J2K_1.bmp'	0.00168240317241159	0.0441764062930476	0.289286947573003	0.472438677412008	0.192415565549530	67.0638000000000	16.9714762332162
'VCLFER/vcl_fer/IMG_01_J2K_2.bmp'	0.0216975374291387	0.179878559754823	0.433342992968338	0.303366469219664	0.0617144406280356	54.2292000000000	17.9907656397315
'VCLFER/vcl_fer/IMG_01_J2K_3.bmp'	0.0561956169506560	0.290255912724033	0.437088762942828	0.191896980688473	0.0245627266940103	46.6427000000000	18.0147217904408
'VCLFER/vcl_fer/IMG_01_J2K_4.bmp'	0.406502086034560	0.490425311914665	0.0996434564968374	0.00340949847340506	1.96470805324889e-05	22.1072000000000	14.9849163742766
'VCLFER/vcl_fer/IMG_01_J2K_5.bmp'	0.566168743257192	0.401606825576179	0.0319393587780306	0.000284787689466714	0	16.8612000000000	13.5202558950126
'VCLFER/vcl_fer/IMG_01_J2K_6.bmp'	0.907172204026265	0.0926469106519035	0.000180878570979852	0	0	8.46890000000000	10.0539480979273
'VCLFER/vcl_fer/IMG_02_J2K_1.bmp'	0.00130887137114160	0.0383270927106920	0.274407281188671	0.480359328883450	0.205597425846046	67.9504000000000	16.8517928255464
'VCLFER/vcl_fer/IMG_02_J2K_2.bmp'	0.00525516346056880	0.0835593695176295	0.359703158326081	0.419211819804381	0.132270488891340	62.3434000000000	17.4966373377222
'VCLFER/vcl_fer/IMG_02_J2K_3.bmp'	0.106009971902192	0.384852730192207	0.390053248072818	0.110365846859546	0.00871820297323815	40.2104000000000	17.7060145326930
'VCLFER/vcl_fer/IMG_02_J2K_4.bmp'	0.217741505281733	0.486646934420819	0.260988160717408	0.0335862615295646	0.00103713805047572	31.2693000000000	16.7406863188850
'VCLFER/vcl_fer/IMG_02_J2K_5.bmp'	0.627852041031142	0.353662975683390	0.0183965751841833	8.83689020998953e-05	0	15.1813000000000	12.9580330371713
'VCLFER/vcl_fer/IMG_02_J2K_6.bmp'	0.974282719739212	0.0257137891761056	0	0	0	6.20590000000000	8.71222218476871
'VCLFER/vcl_fer/IMG_03_J2K_1.bmp'	0	7.56690342633990e-05	0.0170902608026389	0.347379456954516	0.635454583056824	85.0160000000000	12.8885188682641
'VCLFER/vcl_fer/IMG_03_J2K_2.bmp'	0.00142939315918059	0.0402875430893151	0.279583170220170	0.477718902077448	0.200980991453887	67.6448000000000	16.8938272365377
'VCLFER/vcl_fer/IMG_03_J2K_3.bmp'	0.0549030818451770	0.287057550561479	0.437873284660370	0.194865585166218	0.0253004977667555	46.8554000000000	18.0197263687753
'VCLFER/vcl_fer/IMG_03_J2K_4.bmp'	0.204022228067907	0.479474224637895	0.276168936034311	0.0389857748061857	0.00134883645370164	32.1533000000000	16.8661491456688
'VCLFER/vcl_fer/IMG_03_J2K_5.bmp'	0.373332562412334	0.500164076707568	0.121155139037015	0.00530620352290718	4.20183201754254e-05	23.4200000000000	15.2929025838786
'VCLFER/vcl_fer/IMG_03_J2K_6.bmp'	0.854893151268547	0.144354721416770	0.000752006453813836	0	0	9.77340000000000	10.7233116656272
'VCLFER/vcl_fer/IMG_04_J2K_1.bmp'	0	0.00205771422475004	0.0794467648322351	0.475979426733785	0.442507824034023	79.2173000000000	14.6520974349949
'VCLFER/vcl_fer/IMG_04_J2K_2.bmp'	0.00704992183279460	0.0982515752435394	0.377592552450723	0.400162138167552	0.116943812305391	60.9013000000000	17.6211089390998
'VCLFER/vcl_fer/IMG_04_J2K_3.bmp'	0.0884760555766319	0.356808522089968	0.409054594832931	0.133310366699000	0.0123504608014687	42.1728000000000	17.8328639370367
'VCLFER/vcl_fer/IMG_04_J2K_4.bmp'	0.209960604881627	0.482726557239909	0.269552330506825	0.0365564076550558	0.00120409971658292	31.7654000000000	16.8119575574749
'VCLFER/vcl_fer/IMG_04_J2K_5.bmp'	0.373447078470809	0.500136799457296	0.121075918734734	0.00529829278783406	4.19105493278744e-05	23.4153000000000	15.2918372296681
'VCLFER/vcl_fer/IMG_04_J2K_6.bmp'	0.735048723810631	0.259354255538542	0.00558966150446151	0	0	12.5471000000000	11.9618288200148
'VCLFER/vcl_fer/IMG_05_J2K_1.bmp'	0.00115936868083248	0.0357796405941280	0.267365285085654	0.483758596070019	0.211937109569367	68.3619000000000	16.7938803717919
'VCLFER/vcl_fer/IMG_05_J2K_2.bmp'	0	5.13484704484394e-05	0.0142104346265369	0.331844032386717	0.653894168859806	85.4868000000000	12.7194963799320
'VCLFER/vcl_fer/IMG_05_J2K_3.bmp'	0.00362492441006709	0.0679795116827743	0.336579099731226	0.439973243701505	0.151843220474427	64.0230000000000	17.3308266801789
'VCLFER/vcl_fer/IMG_05_J2K_4.bmp'	0.123772098292289	0.408977033236190	0.369666568172360	0.0914021728598755	0.00618212743928654	38.4408000000000	17.5663482361857
'VCLFER/vcl_fer/IMG_05_J2K_5.bmp'	0.413511067909082	0.487915490651633	0.0954599556720561	0.00309682741916366	1.66583480659267e-05	21.8416000000000	14.9200009393758
'VCLFER/vcl_fer/IMG_05_J2K_6.bmp'	0.479920458366934	0.457174922710694	0.0617205230477598	0.00118089383885788	0	19.5030000000000	14.3080139092188
'VCLFER/vcl_fer/IMG_06_J2K_1.bmp'	0	6.91986011048541e-05	0.0163793927802682	0.343775315369702	0.639776067326642	85.1273000000000	12.8489646442888
'VCLFER/vcl_fer/IMG_06_J2K_2.bmp'	2.22232105061347e-05	0.00366322608086982	0.102875706819039	0.492214188786919	0.401224655102665	77.6902000000000	15.0338341165647
'VCLFER/vcl_fer/IMG_06_J2K_3.bmp'	0.0443159188225821	0.258756387722024	0.442597766030590	0.221775808764735	0.0325541186600689	48.7439000000000	18.0497716480795
'VCLFER/vcl_fer/IMG_06_J2K_4.bmp'	0.252867943672817	0.499876491147861	0.223983366081933	0.0227485091568648	0.000523689940524399	29.1828000000000	16.4161628163973
'VCLFER/vcl_fer/IMG_06_J2K_5.bmp'	0.477236818536545	0.458642367451012	0.0628871211234818	0.00123025905932700	0	19.5918000000000	14.3326381035699
'VCLFER/vcl_fer/IMG_06_J2K_6.bmp'	0.737610176995560	0.256976818341072	0.00540613651931377	0	0	12.4872000000000	11.9373277845280
'VCLFER/vcl_fer/IMG_07_J2K_1.bmp'	0	0.000179222992024605	0.0256973925840877	0.382602507644825	0.591520746982915	83.8474000000000	13.2893829099208
'VCLFER/vcl_fer/IMG_07_J2K_2.bmp'	0.00306414805209524	0.0618871441206320	0.326084836647115	0.448229289192601	0.160734581987557	64.7354000000000	17.2535789181241
'VCLFER/vcl_fer/IMG_07_J2K_3.bmp'	0.0416638351565135	0.250997866097649	0.443189130504478	0.229359354655319	0.0347898135860407	49.2654000000000	18.0535212995785
'VCLFER/vcl_fer/IMG_07_J2K_4.bmp'	0.153072048754742	0.441155783839319	0.335126714209247	0.0671037989930743	0.00354165420361802	35.8768000000000	17.3202134200911
'VCLFER/vcl_fer/IMG_07_J2K_5.bmp'	0.242525010256261	0.496705155328971	0.234581242842848	0.0255470276233550	0.000641563948565580	29.7730000000000	16.5120940107062
'VCLFER/vcl_fer/IMG_07_J2K_6.bmp'	0.866929505743514	0.132501834537504	0.000568591214338384	0	0	9.48530000000000	10.5809311755565
'VCLFER/vcl_fer/IMG_08_J2K_1.bmp'	8.62841982257403e-05	0.00805424105145991	0.145246339980159	0.506026185207513	0.340586949562643	75.1837000000000	15.5980087050246
'VCLFER/vcl_fer/IMG_08_J2K_2.bmp'	0	0.000100212391648861	0.0195268730895392	0.358779544777519	0.621593321246641	84.6548000000000	13.0152006031250
'VCLFER/vcl_fer/IMG_08_J2K_3.bmp'	0.0136469054573512	0.140660186448011	0.414048541890065	0.348076253138487	0.0835681130660857	57.2301000000000	17.8657052835956
'VCLFER/vcl_fer/IMG_08_J2K_4.bmp'	0.209688423144922	0.482582480973574	0.269854109914389	0.0366645964106856	0.00121038955643035	31.7830000000000	16.8144454203640
'VCLFER/vcl_fer/IMG_08_J2K_5.bmp'	0.226735620254155	0.490713656439354	0.251246388231839	0.0304323017772509	0.000872033297401528	30.7121000000000	16.6579767538599
'VCLFER/vcl_fer/IMG_08_J2K_6.bmp'	0.359140095329035	0.503186407782927	0.131243399983465	0.00637249653017519	5.76003743980431e-05	24.0121000000000	15.4250325311857
'VCLFER/vcl_fer/IMG_09_J2K_1.bmp'	0	0.000151684890683063	0.0237543519488079	0.375747696579077	0.600346168746548	84.0879000000000	13.2089804904139
'VCLFER/vcl_fer/IMG_09_J2K_2.bmp'	0	8.18057592079580e-05	0.0177350271515391	0.350533353299986	0.631649779387130	84.9175000000000	12.9233189415490
'VCLFER/vcl_fer/IMG_09_J2K_3.bmp'	0.0292746452143298	0.210082496169985	0.441060013056821	0.270903796544186	0.0486790490146784	52.0687000000000	18.0400097181910
'VCLFER/vcl_fer/IMG_09_J2K_4.bmp'	0.108891021420617	0.389036802272874	0.386803989042029	0.107026874705686	0.00824131255879577	39.9100000000000	17.6840103980969
'VCLFER/vcl_fer/IMG_09_J2K_5.bmp'	0.345602129901040	0.505386532918360	0.141369540042569	0.00756437324933120	7.74238887004572e-05	24.5954000000000	15.5512270052474
'VCLFER/vcl_fer/IMG_09_J2K_6.bmp'	0.778301459584947	0.218649187306110	0.00304724621934673	0	0	11.5458000000000	11.5401124391292
'VCLFER/vcl_fer/IMG_10_J2K_1.bmp'	0	0	0.00189661797426109	0.190506361104547	0.807596224004135	89.1265000000000	11.2415682405348
'VCLFER/vcl_fer/IMG_10_J2K_2.bmp'	0	0	0.00118840463263604	0.165798317303624	0.833012971296871	89.7132000000000	10.9700123813560
'VCLFER/vcl_fer/IMG_10_J2K_3.bmp'	0.000199634113888877	0.0130753914152362	0.178453604479596	0.507512372658738	0.300758997332541	73.3281000000000	15.9698555864120
'VCLFER/vcl_fer/IMG_10_J2K_4.bmp'	0.129558575201528	0.416031142679869	0.362891687657212	0.0859844068326142	0.00553418762877645	37.9029000000000	17.5190549509766
'VCLFER/vcl_fer/IMG_10_J2K_5.bmp'	0.319660240832533	0.507626274418381	0.162158586071289	0.0104202032611911	0.000134695416605264	25.7679000000000	15.7933471746345
'VCLFER/vcl_fer/IMG_10_J2K_6.bmp'	0.592290542626967	0.382009322137621	0.0255233534993422	0.000176655076176549	0	16.1315000000000	13.2823710944470
'VCLFER/vcl_fer/IMG_11_J2K_1.bmp'	0	0	0.00218520655566636	0.198580925131319	0.799232803318012	88.9345000000000	11.3281619935186
'VCLFER/vcl_fer/IMG_11_J2K_2.bmp'	0	3.74908383665882e-05	0.0122291678170393	0.319453704023862	0.668279628116392	85.8470000000000	12.5870979127994
'VCLFER/vcl_fer/IMG_11_J2K_3.bmp'	4.71106324737796e-05	0.00567071879630618	0.124731132566315	0.501336352554951	0.368214685449954	76.3687000000000	15.3405277778968
'VCLFER/vcl_fer/IMG_11_J2K_4.bmp'	0.0187495306502641	0.166581901460407	0.428078903084595	0.318184068624376	0.0684055961803581	55.2168000000000	17.9569252297799
'VCLFER/vcl_fer/IMG_11_J2K_5.bmp'	0.0867187418948549	0.353730130546103	0.410862965651765	0.135890092817084	0.0127980690901939	42.3839000000000	17.8447793685160
'VCLFER/vcl_fer/IMG_11_J2K_6.bmp'	0.331920943313567	0.506901207031248	0.152105819509351	0.00896813569611418	0.000103894449720438	25.2044000000000	15.6788787855336
'VCLFER/vcl_fer/IMG_12_J2K_1.bmp'	0	0.000111461117191059	0.0205357806226083	0.363121045504025	0.616231654694716	84.5133000000000	13.0641382744345
'VCLFER/vcl_fer/IMG_12_J2K_2.bmp'	0	7.47032099127381e-05	0.0169862716770260	0.346860750096810	0.636078245512397	85.0321000000000	12.8828124582537
'VCLFER/vcl_fer/IMG_12_J2K_3.bmp'	0.000424952445150507	0.0201838795677843	0.213441079980074	0.502528182973367	0.263421905033624	71.4006000000000	16.3180472876216
'VCLFER/vcl_fer/IMG_12_J2K_4.bmp'	0.0115377687354882	0.128503679128250	0.405518859969153	0.362583732824320	0.0918559593427898	58.2252000000000	17.8094898713799
'VCLFER/vcl_fer/IMG_12_J2K_5.bmp'	0.146258440184141	0.434425181156292	0.343183816363577	0.0721035027850732	0.00402905951091740	36.4398000000000	17.3787852068315
'VCLFER/vcl_fer/IMG_12_J2K_6.bmp'	0.412454178695429	0.488303617238414	0.0960828537850850	0.00314227047425057	1.70798068219390e-05	21.8814000000000	14.9297857037138
'VCLFER/vcl_fer/IMG_13_J2K_1.bmp'	0.000188756706449261	0.0126599642142248	0.176053891357457	0.507623644876744	0.303473742845124	73.4607000000000	15.9445056504899
'VCLFER/vcl_fer/IMG_13_J2K_2.bmp'	4.45357436906360e-05	0.00548861171402513	0.122962483652176	0.500770877446611	0.370733491443497	76.4730000000000	15.3170854714074
'VCLFER/vcl_fer/IMG_13_J2K_3.bmp'	0.000380043013336511	0.0189319687068407	0.207958548144364	0.503704405599223	0.269025034536235	71.7030000000000	16.2658834603719
'VCLFER/vcl_fer/IMG_13_J2K_4.bmp'	0.00237639157533351	0.0536655865159188	0.310316187104632	0.459455711640205	0.174186123163910	65.7613000000000	17.1349414200698
'VCLFER/vcl_fer/IMG_13_J2K_5.bmp'	0.0523520290177045	0.280592082452071	0.439304358281735	0.200911047154456	0.0268404830940343	47.2856000000000	18.0288440299498
'VCLFER/vcl_fer/IMG_13_J2K_6.bmp'	0.128225520985109	0.414438727647607	0.364456209086127	0.0872026208420013	0.00567692143915612	38.0253000000000	17.5300169826576
'VCLFER/vcl_fer/IMG_14_J2K_1.bmp'	0.000124613058233021	0.00996222693326812	0.159088722018873	0.507472417865879	0.323352020123746	74.4036000000000	15.7588751387279
'VCLFER/vcl_fer/IMG_14_J2K_2.bmp'	0.0134581328598829	0.139612646390040	0.413366244632708	0.349313653870539	0.0842493222468300	57.3144000000000	17.8612301274088
'VCLFER/vcl_fer/IMG_14_J2K_3.bmp'	0.0689890626342922	0.319424793637092	0.427588079126994	0.165482145163909	0.0185159194377124	44.7003000000000	17.9537594575694
'VCLFER/vcl_fer/IMG_14_J2K_4.bmp'	0.359472732085904	0.503123830464569	0.131000797712354	0.00634545996859148	5.71797685816851e-05	23.9980000000000	15.4219336621061
'VCLFER/vcl_fer/IMG_14_J2K_5.bmp'	0.568475125383792	0.399922089069153	0.0313292234983134	0.000273296570430773	0	16.7956000000000	13.4992519722930
'VCLFER/vcl_fer/IMG_14_J2K_6.bmp'	0.622879779808566	0.357732087899432	0.0192904171636433	9.76686983000983e-05	0	15.3114000000000	13.0034539379819
'VCLFER/vcl_fer/IMG_15_J2K_1.bmp'	0	0.000240672919369162	0.0295167219476989	0.394713089478274	0.575529301681727	83.4036000000000	13.4350145410422
'VCLFER/vcl_fer/IMG_15_J2K_2.bmp'	0	0.00192621713449429	0.0771102147211963	0.473881851526717	0.447074329924338	79.3785000000000	14.6100050445782
'VCLFER/vcl_fer/IMG_15_J2K_3.bmp'	0.00666220752834057	0.0952442298163688	0.374196409117196	0.404018247814512	0.119878905723583	61.1873000000000	17.5977185782642
'VCLFER/vcl_fer/IMG_15_J2K_4.bmp'	0.0169919687750040	0.158121852830500	0.424074821789100	0.327789835359641	0.0730215212457553	55.8598000000000	17.9310463111438
'VCLFER/vcl_fer/IMG_15_J2K_5.bmp'	0.212219256128876	0.483903892037243	0.267053717472942	0.0356700177993709	0.00115311656156779	31.6200000000000	16.7912982892926
'VCLFER/vcl_fer/IMG_15_J2K_6.bmp'	0.669875473681423	0.318065453280805	0.0120228842030495	3.61801670560212e-05	0	14.1134000000000	12.5723749957347
'VCLFER/vcl_fer/IMG_16_J2K_1.bmp'	0.000502255324956195	0.0222110441146974	0.221844792154248	0.500455354097109	0.254986554308990	70.9358000000000	16.3964835589264
'VCLFER/vcl_fer/IMG_16_J2K_2.bmp'	0.000483011797656191	0.0217199285192314	0.219859022931439	0.500974296957613	0.256963739794060	71.0458000000000	16.3781100566501
'VCLFER/vcl_fer/IMG_16_J2K_3.bmp'	0.0365310109415486	0.235068194417546	0.443428996849882	0.245217998925271	0.0397537988657521	50.3445000000000	18.0550415146407
'VCLFER/vcl_fer/IMG_16_J2K_4.bmp'	0.109250573159168	0.389551226898487	0.386396585501239	0.106617828896794	0.00818378554431077	39.8729000000000	17.6812447713654
'VCLFER/vcl_fer/IMG_16_J2K_5.bmp'	0.254952506293755	0.500446238235308	0.221879073117262	0.0222195892998209	0.000502593053854440	29.0661000000000	16.3967998931199
'VCLFER/vcl_fer/IMG_16_J2K_6.bmp'	0.611216140816017	0.367146452084862	0.0215143508500707	0.000122987662457171	0	15.6200000000000	13.1098907028243
'VCLFER/vcl_fer/IMG_17_J2K_1.bmp'	0	1.68111355209432e-05	0.00832505380730301	0.288924836707011	0.702733295971053	86.6876000000000	12.2672005287961
'VCLFER/vcl_fer/IMG_17_J2K_2.bmp'	1.65122208865427e-05	0.00308095891083537	0.0952411865509622	0.487777948210588	0.413883394106728	78.1724000000000	14.9165542442783
'VCLFER/vcl_fer/IMG_17_J2K_3.bmp'	0.00188864394488306	0.0471555087074452	0.296263944810474	0.468370131026213	0.186321771510984	66.6388000000000	17.0264148788470
'VCLFER/vcl_fer/IMG_17_J2K_4.bmp'	0.0512065744714617	0.277620246019995	0.439892561159468	0.203709917780735	0.0275707005683400	47.4835000000000	18.0325873489802
'VCLFER/vcl_fer/IMG_17_J2K_5.bmp'	0.202078208576820	0.478359286525433	0.278349430667487	0.0398132716233670	0.00139980260689326	32.2821000000000	16.8838476940103
'VCLFER/vcl_fer/IMG_17_J2K_6.bmp'	0.339561441153852	0.506145051963796	0.146047453523341	0.00815784310472818	8.82102542822595e-05	24.8618000000000	15.6075765402289
'VCLFER/vcl_fer/IMG_18_J2K_1.bmp'	0	0	0.00124927789786170	0.168299923945481	0.830450458497393	89.6537000000000	10.9980436237916
'VCLFER/vcl_fer/IMG_18_J2K_2.bmp'	0.00539824774213515	0.0848103157995644	0.361360432062919	0.417569299685568	0.130861704709814	62.2159000000000	17.5083020607247
'VCLFER/vcl_fer/IMG_18_J2K_3.bmp'	0.0472688245479980	0.267056992058107	0.441627212504624	0.213761959560440	0.0302850113288309	48.1882000000000	18.0436123448467
'VCLFER/vcl_fer/IMG_18_J2K_4.bmp'	0.222078548266984	0.488669014551359	0.256268894618210	0.0320294801527117	0.000954062410735661	30.9985000000000	16.7008432992649
'VCLFER/vcl_fer/IMG_18_J2K_5.bmp'	0.371315130206384	0.500637132250521	0.122556466320083	0.00544731090190795	4.39603211038253e-05	23.5030000000000	15.3116730773094
'VCLFER/vcl_fer/IMG_18_J2K_6.bmp'	0.999203350233076	0.000796649663844031	0	0	0	3.64840000000000	6.77048039197929
'VCLFER/vcl_fer/IMG_19_J2K_1.bmp'	0	0	0.00198696225989075	0.193128440857531	0.804883720343042	89.0642000000000	11.2697857787158
'VCLFER/vcl_fer/IMG_19_J2K_2.bmp'	0	0.000415985656593760	0.0381215898507517	0.416998463289551	0.544463419381260	82.5096000000000	13.7180034400905
'VCLFER/vcl_fer/IMG_19_J2K_3.bmp'	1.07327697562044e-05	0.00239614647367310	0.0850912425933816	0.480647095935932	0.431854782227257	78.8355000000000	14.7503972062924
'VCLFER/vcl_fer/IMG_19_J2K_4.bmp'	0.00254341214684888	0.0557524142421518	0.314511592911579	0.456599761810305	0.170592818889115	65.4930000000000	17.1668194611116
'VCLFER/vcl_fer/IMG_19_J2K_5.bmp'	0.0772794884252501	0.336244680577860	0.420158645563577	0.150777967343142	0.0155392180901708	43.5715000000000	17.9056175588166
'VCLFER/vcl_fer/IMG_19_J2K_6.bmp'	0.311100540006731	0.507764214718653	0.169418415682350	0.0115557022402341	0.000161127352031884	26.1718000000000	15.8732820101170
'VCLFER/vcl_fer/IMG_20_J2K_1.bmp'	6.62498890789205e-05	0.00691107939904069	0.135951076936317	0.504307543799804	0.352764049975760	75.7155000000000	15.4844497154855
'VCLFER/vcl_fer/IMG_20_J2K_2.bmp'	0.00150061496759618	0.0414114118908175	0.282461606698144	0.476197856559863	0.198428509883579	67.4736000000000	16.9170150652063
'VCLFER/vcl_fer/IMG_20_J2K_3.bmp'	0.0278510701650879	0.204773473295906	0.440103912850091	0.276494493540818	0.0507770501480975	52.4415000000000	18.0339317881210
'VCLFER/vcl_fer/IMG_20_J2K_4.bmp'	0.200035919559521	0.477160848430803	0.280647575848330	0.0407002865060281	0.00145536965531882	32.4184000000000	16.9024172627401
'VCLFER/vcl_fer/IMG_20_J2K_5.bmp'	0.212612544432340	0.484105580590136	0.266619684766477	0.0355177339328213	0.00114445627822586	31.5948000000000	16.7876984464811
'VCLFER/vcl_fer/IMG_20_J2K_6.bmp'	0.771641598445153	0.224988351280911	0.00336746288858227	0	0	11.6989000000000	11.6063153644133
'VCLFER/vcl_fer/IMG_21_J2K_1.bmp'	0	0	0	0.0159154514509464	0.984083729375341	94.3456000000000	8.34051533104856
'VCLFER/vcl_fer/IMG_21_J2K_2.bmp'	0	0	6.49773064321301e-05	0.0668121014186557	0.933122920416574	92.2665000000000	9.64603567786270
'VCLFER/vcl_fer/IMG_21_J2K_3.bmp'	0	0.00161847833846101	0.0712588111784724	0.468159497125749	0.458957728077415	79.7913000000000	14.5005927167831
'VCLFER/vcl_fer/IMG_21_J2K_4.bmp'	0.00922414040673138	0.113812393421572	0.393268667283848	0.380561872233381	0.103132926654467	59.4839000000000	17.7276974127780
'VCLFER/vcl_fer/IMG_21_J2K_5.bmp'	0.277018215630916	0.505112883482909	0.200277304807710	0.0172678475181190	0.000323748560345847	27.8740000000000	16.1913987094877
'VCLFER/vcl_fer/IMG_21_J2K_6.bmp'	0.222504797865614	0.488861568137918	0.255807241399426	0.0318801380617476	0.000946254535293522	30.9721000000000	16.6969233218379
'VCLFER/vcl_fer/IMG_22_J2K_1.bmp'	0	0.00190617120473901	0.0767460803589052	0.473545714609818	0.447794778131635	79.4038000000000	14.6033666509139
'VCLFER/vcl_fer/IMG_22_J2K_2.bmp'	0.000200112982722507	0.0130934534611298	0.178556815596815	0.507506880703834	0.300642737255498	73.3224000000000	15.9709411693393
'VCLFER/vcl_fer/IMG_22_J2K_3.bmp'	0.0179110278203248	0.162600131629475	0.426260169607778	0.322687461219049	0.0705412097233732	55.5179000000000	17.9451854952390
'VCLFER/vcl_fer/IMG_22_J2K_4.bmp'	0.126053082433514	0.411801995856493	0.367001270899459	0.0892258786245555	0.00591777218597826	38.2267000000000	17.5477969753227
'VCLFER/vcl_fer/IMG_22_J2K_5.bmp'	0.211236849781601	0.483395801338362	0.268139251460703	0.0360530688903211	0.00117502852901198	31.6831000000000	16.8002871743449
'VCLFER/vcl_fer/IMG_22_J2K_6.bmp'	0.373179108625834	0.500200557313609	0.121261350286195	0.00531682062931378	4.21631450486626e-05	23.4263000000000	15.2943302000324
'VCLFER/vcl_fer/IMG_23_J2K_1.bmp'	0	0	0.000857421030336898	0.150235987782424	0.848906433381474	90.0850000000000	10.7922350724954
'VCLFER/vcl_fer/IMG_23_J2K_2.bmp'	0	0	0.00411631177928397	0.238162749025335	0.757717026887505	87.9800000000000	11.7431067371458
'VCLFER/vcl_fer/IMG_23_J2K_3.bmp'	0.00552691475720814	0.0859219390057634	0.362810799341296	0.416112896338547	0.129627450557186	62.1034000000000	17.5184875254851
'VCLFER/vcl_fer/IMG_23_J2K_4.bmp'	0.0819966235036320	0.345189474399164	0.415608154728352	0.143111823783494	0.0140939235853585	42.9662000000000	17.8759208363045
'VCLFER/vcl_fer/IMG_23_J2K_5.bmp'	0.299846201990978	0.507467641453612	0.179264924686693	0.0132178085401539	0.000203423328563792	26.7167000000000	15.9783787513234
'VCLFER/vcl_fer/IMG_23_J2K_6.bmp'	0.643671011533213	0.340507307114463	0.0157578652075377	6.37935522671551e-05	0	14.7729000000000	12.8132863035576
'VCLFER/vcl_fer/IMG_01_JPG_1.jpg'	0.00215488246666257	0.0507922966617237	0.304302747223933	0.463391064415260	0.179359009232421	66.1406000000000	17.0888363128054
'VCLFER/vcl_fer/IMG_01_JPG_2.jpg'	0.0103203395823110	0.120975682773317	0.399525039222910	0.371733542477607	0.0974453959438553	58.8617000000000	17.7696292480610
'VCLFER/vcl_fer/IMG_01_JPG_3.jpg'	0.0145173095987081	0.145397602877732	0.417016030848219	0.342509522491149	0.0805595341841918	56.8520000000000	17.8851260134895
'VCLFER/vcl_fer/IMG_01_JPG_4.jpg'	0.0748242659963306	0.331415291851766	0.422440882692061	0.154961088876851	0.0163584705829914	43.8967000000000	17.9204510176486
'VCLFER/vcl_fer/IMG_01_JPG_5.jpg'	0.217546029744495	0.486553079837339	0.261201796575026	0.0336580509203208	0.00104104292281987	31.2816000000000	16.7424802161381
'VCLFER/vcl_fer/IMG_01_JPG_6.jpg'	0.557267685062742	0.408021665167519	0.0343769914018999	0.000333286547638133	0	17.1166000000000	13.6013283681770
'VCLFER/vcl_fer/IMG_02_JPG_1.jpg'	0.00240967358391426	0.0540866152961424	0.311173938883940	0.458879287361211	0.173450484874793	65.7067000000000	17.1414778999462
'VCLFER/vcl_fer/IMG_02_JPG_2.jpg'	0.0108913046579602	0.124558174963998	0.402448929046604	0.367363095413411	0.0947384959180271	58.5567000000000	17.7891115072773
'VCLFER/vcl_fer/IMG_02_JPG_3.jpg'	0.0296807589285431	0.211570032912732	0.441298648148005	0.269345876910120	0.0481046831006002	51.9647000000000	18.0415257112547
'VCLFER/vcl_fer/IMG_02_JPG_4.jpg'	0.137356539742356	0.424969626576830	0.353706945202170	0.0791965804901024	0.00477030798854104	37.2041000000000	17.4541957303101
'VCLFER/vcl_fer/IMG_02_JPG_5.jpg'	0.488061272313149	0.452617248011584	0.0582771160169642	0.00104177805106658	0	19.2363000000000	14.2333677323824
'VCLFER/vcl_fer/IMG_02_JPG_6.jpg'	0.997347203171717	0.00265279304623048	0	0	0	4.25390000000000	7.28774184892797
'VCLFER/vcl_fer/IMG_03_JPG_1.jpg'	0.000233211318048723	0.0142999747465789	0.185251974176103	0.507028470538147	0.293186369221123	72.9531000000000	16.0405560418227
'VCLFER/vcl_fer/IMG_03_JPG_2.jpg'	0.00766489568171506	0.102863491126097	0.382558976634432	0.394291722406024	0.112620914151732	60.4708000000000	17.6551196567949
'VCLFER/vcl_fer/IMG_03_JPG_3.jpg'	0.0316653864594824	0.218676776663875	0.442265052294577	0.261953780316429	0.0454390042656364	51.4704000000000	18.0476609362193
'VCLFER/vcl_fer/IMG_03_JPG_4.jpg'	0.161337789131151	0.448764620935785	0.325374461099129	0.0614937039773374	0.00302942485659755	35.2173000000000	17.2483019513396
'VCLFER/vcl_fer/IMG_03_JPG_5.jpg'	0.125978043376929	0.411709987894152	0.367089071050179	0.0892966188263625	0.00592627885237762	38.2337000000000	17.5484092052250
'VCLFER/vcl_fer/IMG_03_JPG_6.jpg'	0.689288697413175	0.300971813743867	0.00971629342619816	2.31913241474303e-05	0	13.6370000000000	12.3925898391902
'VCLFER/vcl_fer/IMG_04_JPG_1.jpg'	0.000165072068072497	0.0117180770913997	0.170418877481244	0.507759012709045	0.309938960650240	73.7727000000000	15.8841297843534
'VCLFER/vcl_fer/IMG_04_JPG_2.jpg'	0.00645548439296757	0.0936065647443839	0.372292383518803	0.406127471574027	0.121518095769819	61.3449000000000	17.5845568330935
'VCLFER/vcl_fer/IMG_04_JPG_3.jpg'	0.0379299757155757	0.239538042080033	0.443495699996270	0.240728394040501	0.0383078881676209	50.0404000000000	18.0554641913836
'VCLFER/vcl_fer/IMG_04_JPG_4.jpg'	0.0422886542788811	0.252852925709546	0.443075694306158	0.227537873947036	0.0342448517583788	49.1405000000000	18.0528022276709
'VCLFER/vcl_fer/IMG_04_JPG_5.jpg'	0.125109877864821	0.410640934701247	0.368104307640262	0.0901192522971136	0.00602562749655673	38.3149000000000	17.5554829131498
'VCLFER/vcl_fer/IMG_04_JPG_6.jpg'	0.484041273207202	0.454887662738418	0.0599596596488905	0.00110852986207767	0	19.3675000000000	14.2702190825859
'VCLFER/vcl_fer/IMG_05_JPG_1.jpg'	1.61496377806745e-05	0.00304132751620089	0.0946919262252050	0.487429787041402	0.414820809579412	78.2076000000000	14.9078771732295
'VCLFER/vcl_fer/IMG_05_JPG_2.jpg'	0.0223331621025168	0.182615981470177	0.434278197056949	0.300357133843414	0.0604155255269433	54.0290000000000	17.9967563058902
'VCLFER/vcl_fer/IMG_05_JPG_3.jpg'	0.0494087215180953	0.272865802011770	0.440742228977156	0.208214168669116	0.0287690788238625	47.8004000000000	18.0379902839295
'VCLFER/vcl_fer/IMG_05_JPG_4.jpg'	0.117270711705870	0.400596727837799	0.377215198787750	0.0979117735460034	0.00700558812257799	39.0666000000000	17.6185153654607
'VCLFER/vcl_fer/IMG_05_JPG_5.jpg'	0.509348354103246	0.439973516257284	0.0499321515060452	0.000744519607624385	0	18.5572000000000	14.0385213890945
'VCLFER/vcl_fer/IMG_05_JPG_6.jpg'	0.988303466957372	0.0116962089980364	0	0	0	5.35050000000000	8.12634286302270
'VCLFER/vcl_fer/IMG_06_JPG_1.jpg'	2.21844058538563e-05	0.00365949910295500	0.102829197327367	0.492189340771768	0.401299778392056	77.6931000000000	15.0331375466220
'VCLFER/vcl_fer/IMG_06_JPG_2.jpg'	0.00380445304396382	0.0698364750106594	0.339600161882381	0.437470692063763	0.149288217999233	63.8128000000000	17.3528249839403
'VCLFER/vcl_fer/IMG_06_JPG_3.jpg'	0.0129948375943096	0.137009747284221	0.411628939620691	0.352398589336540	0.0859678861642386	57.5250000000000	17.8498184444548
'VCLFER/vcl_fer/IMG_06_JPG_4.jpg'	0.0668986032618909	0.314942626175074	0.429324537978747	0.169464935417225	0.0193692971670628	44.9996000000000	17.9649513881651
'VCLFER/vcl_fer/IMG_06_JPG_5.jpg'	0.156006748637693	0.443925470919787	0.331660317392223	0.0650569546064485	0.00335050844384802	35.6398000000000	17.2947830034720
'VCLFER/vcl_fer/IMG_06_JPG_6.jpg'	0.547832341458444	0.414666033092689	0.0371085138243174	0.000392620494310729	0	17.3913000000000	13.6872976892455
'VCLFER/vcl_fer/IMG_07_JPG_1.jpg'	4.22945391368998e-05	0.00532643977338083	0.121357468190139	0.500233482168571	0.373040315328773	76.5680000000000	15.2956214463617
'VCLFER/vcl_fer/IMG_07_JPG_2.jpg'	0.000735741749119581	0.0276237879427839	0.241924693307543	0.494215433570170	0.235500343430384	69.8151000000000	16.5770920333904
'VCLFER/vcl_fer/IMG_07_JPG_3.jpg'	0.00527039952623418	0.0836933306839894	0.359881920237560	0.419035745044151	0.132118604508066	62.3297000000000	17.4978969058417
'VCLFER/vcl_fer/IMG_07_JPG_4.jpg'	0.130064258759603	0.416630190735985	0.362297687292014	0.0855268432849383	0.00548101992745869	37.8567000000000	17.5148865417491
'VCLFER/vcl_fer/IMG_07_JPG_5.jpg'	0.281753535095877	0.505801252583417	0.195805286185432	0.0163456768672375	0.000294249268037060	27.6279000000000	16.1472407569633
'VCLFER/vcl_fer/IMG_07_JPG_6.jpg'	0.824240374760455	0.174353073436233	0.00140611945198017	0	0	10.4901000000000	11.0653242780994
'VCLFER/vcl_fer/IMG_08_JPG_1.jpg'	0.000153308563783367	0.0112287323389426	0.167376258969734	0.507756856259930	0.313484843867610	73.9416000000000	15.8510155051018
'VCLFER/vcl_fer/IMG_08_JPG_2.jpg'	0.0102844159568568	0.120747044325958	0.399333907381087	0.372013474107937	0.0976211582281619	58.8813000000000	17.7683531973119
'VCLFER/vcl_fer/IMG_08_JPG_3.jpg'	0.0312492451170626	0.217208344601288	0.442088711893686	0.263474319357987	0.0459793790299766	51.5722000000000	18.0465419292912
'VCLFER/vcl_fer/IMG_08_JPG_4.jpg'	0.142706567721076	0.430744720137452	0.347384831142293	0.0748542778031256	0.00430960319605273	36.7407000000000	17.4090350577424
'VCLFER/vcl_fer/IMG_08_JPG_5.jpg'	0.216876370601598	0.486229762097936	0.261934272195399	0.0339050665091202	0.00105452859594708	31.3238000000000	16.7486244743926
'VCLFER/vcl_fer/IMG_08_JPG_6.jpg'	0.685821109222645	0.304052066026555	0.0101016695684673	2.51504897938461e-05	0	13.7214000000000	12.4248041810733
'VCLFER/vcl_fer/IMG_09_JPG_1.jpg'	3.52661340039402e-05	0.00479257135362031	0.115856421375509	0.498209976453864	0.381105764683003	76.8963000000000	15.2206179782170
'VCLFER/vcl_fer/IMG_09_JPG_2.jpg'	0.00448140280186831	0.0764977564282234	0.349820971665623	0.428553861149308	0.140646007954977	63.0823000000000	17.4264880811649
'VCLFER/vcl_fer/IMG_09_JPG_3.jpg'	0.0329937875878356	0.223290751365265	0.442741064017038	0.257199063045199	0.0437753339846634	51.1516000000000	18.0506804800865
'VCLFER/vcl_fer/IMG_09_JPG_4.jpg'	0.142546320253903	0.430575820224636	0.347574324439104	0.0749808155783382	0.00432271950401848	36.7544000000000	17.4103949442698
'VCLFER/vcl_fer/IMG_09_JPG_5.jpg'	0.273549056328041	0.504540001127152	0.203590737296456	0.0179730778263120	0.000347127422038781	28.0564000000000	16.2237352617335
'VCLFER/vcl_fer/IMG_09_JPG_6.jpg'	0.558816566162029	0.406915492122854	0.0339432348813083	0.000324351780637508	0	17.0719000000000	13.5872192167071
'VCLFER/vcl_fer/IMG_10_JPG_1.jpg'	0	0.000856994326481272	0.0532769696473978	0.445337508066198	0.500526674408790	81.1645000000000	14.1192110878547
'VCLFER/vcl_fer/IMG_10_JPG_2.jpg'	0.00820778343938973	0.106788634704895	0.386566957347721	0.389336368701817	0.109100255806178	60.1116000000000	17.6824015089969
'VCLFER/vcl_fer/IMG_10_JPG_3.jpg'	0.0171589727668636	0.158944845765558	0.424487729195174	0.326849149038974	0.0725593032334300	55.7967000000000	17.9337205925581
'VCLFER/vcl_fer/IMG_10_JPG_4.jpg'	0.0933621454233380	0.365097459575732	0.403920655301207	0.126424887752254	0.0111948519474681	41.6007000000000	17.7988906800425
'VCLFER/vcl_fer/IMG_10_JPG_5.jpg'	0.195707476750857	0.474527614693265	0.285542691274693	0.0426418551414032	0.00158036213978287	32.7107000000000	16.9416895780351
'VCLFER/vcl_fer/IMG_10_JPG_6.jpg'	0.452308539187002	0.471407808513802	0.0744924062146694	0.00178476269370493	0	20.4385000000000	14.5617907688100
'VCLFER/vcl_fer/IMG_11_JPG_1.jpg'	0.00244467756241692	0.0545265878893627	0.312064110008144	0.458277033890395	0.172687590649681	65.6499000000000	17.1482510522413
'VCLFER/vcl_fer/IMG_11_JPG_2.jpg'	0.00438943424124794	0.0756216876084416	0.348529084818804	0.429720952542678	0.141738840788829	63.1764000000000	17.4172407627734
'VCLFER/vcl_fer/IMG_11_JPG_3.jpg'	0.0508959202019757	0.276806671734060	0.440045935346060	0.204478359313717	0.0277731134041881	47.5377000000000	18.0335630163255
'VCLFER/vcl_fer/IMG_11_JPG_4.jpg'	0.124607162227225	0.410018034610434	0.368691692900711	0.0905991627935418	0.00608394746808745	38.3621000000000	17.5595709110484
'VCLFER/vcl_fer/IMG_11_JPG_5.jpg'	0.185052453231030	0.467489067808733	0.297724332953387	0.0477995118508641	0.00193463415598524	33.4510000000000	17.0378235144516
'VCLFER/vcl_fer/IMG_11_JPG_6.jpg'	0.570499981312508	0.398435485579469	0.0308007324533760	0.000263551040565387	0	16.7382000000000	13.4808125483260
'VCLFER/vcl_fer/IMG_12_JPG_1.jpg'	0.000944398801650919	0.0318445632187795	0.255697033792805	0.488907397000762	0.222606607186003	69.0342000000000	16.6959869321626
'VCLFER/vcl_fer/IMG_12_JPG_2.jpg'	0.0285363636320924	0.207347901267521	0.440588024216834	0.273777506423878	0.0497502044596758	52.2604000000000	18.0370100952441
'VCLFER/vcl_fer/IMG_12_JPG_3.jpg'	0.0229387575085535	0.185185076778295	0.435111357803824	0.297545366966979	0.0592194409423492	53.8420000000000	18.0020879426360
'VCLFER/vcl_fer/IMG_12_JPG_4.jpg'	0.163072198980659	0.450286772055671	0.323333336707392	0.0603759271260234	0.00293176513025473	35.0820000000000	17.2331049782214
'VCLFER/vcl_fer/IMG_12_JPG_5.jpg'	0.238074331822097	0.495159913701524	0.239220486002766	0.0268454843197853	0.000699784153827293	30.0329000000000	16.5532916742784
'VCLFER/vcl_fer/IMG_12_JPG_6.jpg'	0.850436659050644	0.148733663746698	0.000829529661778859	0	0	9.87890000000000	10.7747284168380
'VCLFER/vcl_fer/IMG_13_JPG_1.jpg'	0.000436062737569171	0.0204845715025915	0.214723189510866	0.502232917863401	0.262123258385572	71.3298000000000	16.3301306794399
'VCLFER/vcl_fer/IMG_13_JPG_2.jpg'	0.0141518380534412	0.143426540146035	0.415804625210439	0.344819828412503	0.0817971681775816	57.0087000000000	17.8772063648106
'VCLFER/vcl_fer/IMG_13_JPG_3.jpg'	0.113435581902506	0.395415803793632	0.381626601071521	0.101977216187413	0.00754479704492819	39.4472000000000	17.6487520506597
'VCLFER/vcl_fer/IMG_13_JPG_4.jpg'	0.294457866108198	0.507127756531892	0.184099760776707	0.0140873948984424	0.000227221684761606	26.9834000000000	16.0286864910066
'VCLFER/vcl_fer/IMG_13_JPG_5.jpg'	0.505483248740890	0.442344857976615	0.0513782078441348	0.000792064725246738	0	18.6786000000000	14.0738649711448
'VCLFER/vcl_fer/IMG_13_JPG_6.jpg'	0.995583692578163	0.00441629000451658	0	0	0	4.57570000000000	7.54565697763316
'VCLFER/vcl_fer/IMG_14_JPG_1.jpg'	0.000569984753725045	0.0238775277952201	0.228363534406631	0.498626584319737	0.248562368724687	70.5738000000000	16.4561272924168
'VCLFER/vcl_fer/IMG_14_JPG_2.jpg'	6.99604460970041e-05	0.00713287890891659	0.137824590057620	0.504705624230640	0.350266946356727	75.6077000000000	15.5077283756385
'VCLFER/vcl_fer/IMG_14_JPG_3.jpg'	0.0176966551577442	0.161566514261648	0.425769065842894	0.323861584403140	0.0711061803345736	55.5965000000000	17.9420112050628
'VCLFER/vcl_fer/IMG_14_JPG_4.jpg'	0.111376083337606	0.392557847715779	0.383980196305643	0.104233525858954	0.00785234678201885	39.6553000000000	17.6648104581132
'VCLFER/vcl_fer/IMG_14_JPG_5.jpg'	0.365162334562049	0.501991548651347	0.126897063258443	0.00589863430975766	5.04192184032313e-05	23.7585000000000	15.3689437365943
'VCLFER/vcl_fer/IMG_14_JPG_6.jpg'	0.455555893604203	0.469835986291599	0.0729004058617858	0.00170173791387901	0	20.3259000000000	14.5318956681630
'VCLFER/vcl_fer/IMG_15_JPG_1.jpg'	3.33285238557070e-05	0.00463765954734781	0.114192147780065	0.497540240843633	0.383596623305098	76.9965000000000	15.1974683418851
'VCLFER/vcl_fer/IMG_15_JPG_2.jpg'	0.00673416318549990	0.0958085606424690	0.374843496511846	0.403292949885691	0.119320829774493	61.1333000000000	17.6021837252298
'VCLFER/vcl_fer/IMG_15_JPG_3.jpg'	0.0238800319614315	0.189105925600763	0.436301107027555	0.293277290755836	0.0574356446544141	53.5582000000000	18.0096927609525
'VCLFER/vcl_fer/IMG_15_JPG_4.jpg'	0.101692328555138	0.378369912007223	0.394866608184344	0.115581849010637	0.00948930224265736	40.6714000000000	17.7384393268973
'VCLFER/vcl_fer/IMG_15_JPG_5.jpg'	0.294189185862920	0.507107387645770	0.184342875450103	0.0141320760031753	0.000228475038031493	26.9968000000000	16.0311947085894
'VCLFER/vcl_fer/IMG_15_JPG_6.jpg'	0.798204178271497	0.199571930652264	0.00222278821854353	0	0	11.0891000000000	11.3387309121954
'VCLFER/vcl_fer/IMG_16_JPG_1.jpg'	0.000275234760255337	0.0157299416491476	0.192725190896760	0.506217786167039	0.285051846526797	72.5416000000000	16.1164718699527
'VCLFER/vcl_fer/IMG_16_JPG_2.jpg'	0.00724035769808681	0.0996996806333716	0.379182845764427	0.398313261191808	0.115563854712306	60.7651000000000	17.6320244415523
'VCLFER/vcl_fer/IMG_16_JPG_3.jpg'	0.0937507250168950	0.365740120963881	0.403506216132121	0.125894718492750	0.0111082193943533	41.5561000000000	17.7961386846646
'VCLFER/vcl_fer/IMG_16_JPG_4.jpg'	0.0737722419647361	0.329307930763701	0.423398879521273	0.156796197073981	0.0167247506763084	44.0383000000000	17.9266656285419
'VCLFER/vcl_fer/IMG_16_JPG_5.jpg'	0.204499763849348	0.479744276115585	0.275634382855008	0.0387849805460834	0.00133659663397503	32.1218000000000	16.8617983443257
'VCLFER/vcl_fer/IMG_16_JPG_6.jpg'	0.504567002544685	0.442902180376431	0.0517254300579517	0.000803725450899739	0	18.7075000000000	14.0822455405734
'VCLFER/vcl_fer/IMG_17_JPG_1.jpg'	0.000203926721741878	0.0132366422760984	0.179371792324924	0.507461483398306	0.299726155278930	73.2774000000000	15.9794996624080
'VCLFER/vcl_fer/IMG_17_JPG_2.jpg'	9.22984547435870e-05	0.00837460100608180	0.147703409970172	0.506376590972375	0.337453099596628	75.0443000000000	15.6272488970805
'VCLFER/vcl_fer/IMG_17_JPG_3.jpg'	0.00372489202244184	0.0690186440103324	0.338279352314827	0.438571989938632	0.150405121713766	63.9050000000000	17.3432202067551
'VCLFER/vcl_fer/IMG_17_JPG_4.jpg'	0.0562697731189054	0.290437879051346	0.437042605134513	0.191728521392073	0.0245212213031623	46.6306000000000	18.0144272051780
'VCLFER/vcl_fer/IMG_17_JPG_5.jpg'	0.226851996454082	0.490763093848736	0.251121487976053	0.0303933482880468	0.000870073433082903	30.7050000000000	16.6569045125437
'VCLFER/vcl_fer/IMG_17_JPG_6.jpg'	0.403527864273447	0.491444252809831	0.101456331499436	0.00355048932889317	2.10620883939184e-05	22.2211000000000	15.0124810077687
'VCLFER/vcl_fer/IMG_18_JPG_1.jpg'	0.000157827070240646	0.0114185388155565	0.168566277284050	0.507764090806308	0.312093266023845	73.8755000000000	15.8640111310917
'VCLFER/vcl_fer/IMG_18_JPG_2.jpg'	0.00887054932344309	0.111413690936982	0.391045451372966	0.383545193928626	0.105125114437983	59.6962000000000	17.7127150715249
'VCLFER/vcl_fer/IMG_18_JPG_3.jpg'	0.0463192384181543	0.264424796235605	0.441972566382049	0.216292178298629	0.0309912206655627	48.3642000000000	18.0458047825566
'VCLFER/vcl_fer/IMG_18_JPG_4.jpg'	0.132055447899899	0.418962458030670	0.359956247055814	0.0837490986073833	0.00527674840623293	37.6760000000000	17.4984205209956
'VCLFER/vcl_fer/IMG_18_JPG_5.jpg'	0.222824887745178	0.489005443907813	0.255460822474954	0.0317684139251868	0.000940431946868344	30.9523000000000	16.6939791620268
'VCLFER/vcl_fer/IMG_18_JPG_6.jpg'	0.663404852235178	0.323677654113299	0.0128757231009155	4.17595081956244e-05	0	14.2744000000000	12.6320254989078
'VCLFER/vcl_fer/IMG_19_JPG_1.jpg'	0	0.000603007759694221	0.0452958433140841	0.431780349768681	0.522319780433566	81.8443000000000	13.9200089331618
'VCLFER/vcl_fer/IMG_19_JPG_2.jpg'	0.00620160298921804	0.0915607409240716	0.369857903432284	0.408771657183557	0.123608095470869	61.5437000000000	17.5676773062469
'VCLFER/vcl_fer/IMG_19_JPG_3.jpg'	0.0461640553058562	0.263991354790439	0.442026095736325	0.216709807548073	0.0311086866193063	48.3932000000000	18.0461445319022
'VCLFER/vcl_fer/IMG_19_JPG_4.jpg'	0.134954594453545	0.422283639302682	0.356540965690077	0.0812275242752366	0.00499327627845951	37.4163000000000	17.4743018303457
'VCLFER/vcl_fer/IMG_19_JPG_5.jpg'	0.316597554703781	0.507711023898584	0.164733376381666	0.0108144036517784	0.000143641364191943	25.9114000000000	15.8219471382386
'VCLFER/vcl_fer/IMG_19_JPG_6.jpg'	0.933228387239702	0.0667069517963075	6.46601140581879e-05	0	0	7.73030000000000	9.64420701940103
'VCLFER/vcl_fer/IMG_20_JPG_1.jpg'	0.000966049681989485	0.0322577144674044	0.256971338742547	0.488374233838586	0.221430663269474	68.9613000000000	16.7068001406979
'VCLFER/vcl_fer/IMG_20_JPG_2.jpg'	0.00267568725517853	0.0573612125212522	0.317652864673337	0.454400404958294	0.167909830591938	65.2900000000000	17.1905367385664
'VCLFER/vcl_fer/IMG_20_JPG_3.jpg'	0.0909694248679957	0.361087096195301	0.406453242387256	0.129745205986685	0.0117450305627615	41.8782000000000	17.8156768595724
'VCLFER/vcl_fer/IMG_20_JPG_4.jpg'	0.128339496666017	0.414575632835317	0.364322522593256	0.0870977780284143	0.00566456987699678	38.0148000000000	17.5290812513715
'VCLFER/vcl_fer/IMG_20_JPG_5.jpg'	0.319349684211843	0.507636648060330	0.162418511720032	0.0104595781115851	0.000135577896210171	25.7824000000000	15.7962471388395
'VCLFER/vcl_fer/IMG_20_JPG_6.jpg'	0.636062744810610	0.346873648085897	0.0169888505024486	7.47270812457806e-05	0	14.9683000000000	12.8829542948170
'VCLFER/vcl_fer/IMG_21_JPG_1.jpg'	0	0.000128523059011378	0.0219667538743440	0.368949765526642	0.608954883645395	84.3196000000000	13.1305111584255
'VCLFER/vcl_fer/IMG_21_JPG_2.jpg'	1.64468212699355e-05	0.00307383779764758	0.0951427985177802	0.487715881424117	0.414051035439186	78.1787000000000	14.9150024125651
'VCLFER/vcl_fer/IMG_21_JPG_3.jpg'	0.00205553524898060	0.0494603303635254	0.301416300121778	0.465215411871727	0.181852422393988	66.3206000000000	17.0665285643993
'VCLFER/vcl_fer/IMG_21_JPG_4.jpg'	0.0467594541684901	0.265649317903716	0.441816234263349	0.215113826988497	0.0306611666759476	48.2823000000000	18.0448124311389
'VCLFER/vcl_fer/IMG_21_JPG_5.jpg'	0.0582110208420111	0.295143695782755	0.435791946320953	0.187388218278258	0.0234651187760234	46.3177000000000	18.0064394853337
'VCLFER/vcl_fer/IMG_21_JPG_6.jpg'	0.273206667447935	0.504480282728766	0.203919452584624	0.0180440770655539	0.000349520173121728	28.0745000000000	16.2269260011686
'VCLFER/vcl_fer/IMG_22_JPG_1.jpg'	0.00234298613140089	0.0532402959743384	0.309443816728312	0.460038058329249	0.174934842836700	65.8167000000000	17.1282834208436
'VCLFER/vcl_fer/IMG_22_JPG_2.jpg'	0.00218153914768183	0.0511449337710942	0.305056197048825	0.462908019579918	0.178709310452482	66.0934000000000	17.0946401812900
'VCLFER/vcl_fer/IMG_22_JPG_3.jpg'	0.0314621462431799	0.217961008853344	0.442180605086820	0.262694503644101	0.0457017361725547	51.5200000000000	18.0471250851763
'VCLFER/vcl_fer/IMG_22_JPG_4.jpg'	0.123572141026364	0.408726591608744	0.369899844352306	0.0915955418328309	0.00620588117975610	38.4597000000000	17.5679685922609
'VCLFER/vcl_fer/IMG_22_JPG_5.jpg'	0.288118273687114	0.506559302278524	0.189887421714135	0.0151763911746608	0.000258611145566858	27.3022000000000	16.0878590160675
'VCLFER/vcl_fer/IMG_22_JPG_6.jpg'	0.878574041956702	0.121002055911669	0.000423864367295538	0	0	9.20110000000000	10.4375595110263
'VCLFER/vcl_fer/IMG_23_JPG_1.jpg'	0	0.00103074914965530	0.0579933518700586	0.452225864099461	0.488747495781319	80.7860000000000	14.2270789483154
'VCLFER/vcl_fer/IMG_23_JPG_2.jpg'	0.000766279016441475	0.0282717281881860	0.244134360524769	0.493419816506872	0.233407815763732	69.6906000000000	16.5964257423656
'VCLFER/vcl_fer/IMG_23_JPG_3.jpg'	0.0470924660784408	0.266570725605689	0.441693632616699	0.214228618409609	0.0304145572895628	48.2207000000000	18.0440340703764
'VCLFER/vcl_fer/IMG_23_JPG_4.jpg'	0.112827174261897	0.394577112383639	0.382323081255532	0.102638333920819	0.00763429817811207	39.5084000000000	17.6535093779955
'VCLFER/vcl_fer/IMG_23_JPG_5.jpg'	0.206308201351204	0.480753386295045	0.273613902269416	0.0380332919323700	0.00129121815196481	32.0030000000000	16.8453103867634
'VCLFER/vcl_fer/IMG_23_JPG_6.jpg'	0.887904584945365	0.111766928349404	0.000328464168493852	0	0	8.96840000000000	10.3179250485636